d 342 393565 134
d 1153531 104 1239726
d 402480 20 421782
d 365584 52 279380
d 941421 50 936903
# 50 operations
d 1536003 7 1532789
d 438469 37 425825
d 11 70004 30
d 1 1074719 15
d 66 585070 107
d 719858 15 719053
d 794083 20 789768
d 587865 49 535429
d 564693 985 303298
d 350545 10 345125
d 244 437062 88
d 1439308 26 1443623
d 15 1427114 36
d 1179584 24 1178803
d 1415827 7 1415439
d 320746 34 291853
d 1353404 145 1310232
d 30 1438977 5
d 60 39502 40
d 1098058 32 1121836
d 136722 70 213892
d 53 1276755 31
d 303 1347412 3605
d 316 1378591 18
d 53 1384531 130
d 199 1609403 27
d 454242 7 453500
d 23 832048 33
d 58 652148 117
d 88 446762 32
d 36 1536925 92
d 633966 21 629740
d 983377 56 965367
d 81044 8 87835
d 25 1583573 128
d 364451 122 413617
d 5 367508 18
d 438454 20 414775
d 25 1066205 31
d 133 1002742 120
d 1136667 118 1094478
d 1358874 55 1335249
d 1328269 46 1336605
d 991421 117 965485
d 36 229121 26
d 20 1523198 36
d 1544295 26 1548392
d 258 1398694 64
d 2 532577 8
d 690953 59 659087
# 500 operations
d 947343 20 939523
d 201 109877 163
d 40 512350 169
d 25 599113 448
d 1138584 37 1129399
d 27 560271 38
d 174 1003365 14
d 1141673 66 1152392
d 15 85706 6
d 33 259359 111
d 24 1201618 130
d 545655 4 575480
d 240887 8 240500
d 42 602830 67
d 786399 141 791995
d 60 1087693 38
d 1583656 80 1559097
d 699860 23 689052
d 13 253992 10
d 988699 33 989831
d 1362158 42 1337089
d 71 1285745 39
d 251365 69 220144
d 17 445126 17
d 128 1486608 373
d 90 252911 230
d 10 408076 13
d 1261420 1 1258066
d 20 820371 20
d 35 175827 27
d 28 1468269 14
d 1308870 132 1298156
d 17 826285 909
d 21 1413593 21
d 5 634964 132
d 576576 41 564257
d 871518 31 863219
d 358210 16 364242
d 69 1492503 23
d 42 1185007 40
d 93 1301899 350
d 1073318 60 1083528
d 57 1107997 269
d 8 1507119 34
d 846135 20 842190
d 825527 29 839923
d 22 280202 28
d 146 614516 395
d 504825 236 517147
d 1302436 22 1298592
d 25 1004473 253
d 234 712003 66
d 77 1255244 3
d 26 442899 78
d 721464 20 705780
d 122 523164 77
d 52 45018 38
d 59 1348958 23
d 926971 28 887527
d 1127701 30 1123814
d 392769 32 393143
d 8 886639 55
d 538321 109 510949
d 86723 41 107921
d 34 880017 92
d 938426 36 951897
d 204889 15 184525
d 23 1092315 30
d 80 1508675 47
d 290 591482 19
d 11 452063 11
d 13254 19 23314
d 17 941876 19
d 547618 90 558794
d 634265 75 621455
d 974348 19 942133
d 13 498641 59
d 305 162293 156
d 23 889987 32
d 415960 24 377957
d 17 818935 9
d 65 369992 17
d 1529909 34 1547521
d 623511 49 649198
d 9 34637 16
d 15 460743 71
d 2 390026 57
d 33 1541395 12
d 78 1301567 17
d 381880 47 349923
d 1052846 52 1045496
d 93 1541529 53
d 65 647141 187
d 775368 16 763871
d 1475341 15 1477580
d 595778 43 581107
d 767059 85 820366
d 77 647204 32
d 42 404885 36
d 40 26907 15
d 57 567974 17
d 1125996 6 1145629
d 1519440 11 1530593
d 425211 42 429516
d 224 989149 35
d 44 850825 5
d 694690 84 735226
d 1307507 34 1266059
d 50 307600 19
d 1008145 62 982046
d 9 1040101 50
d 292285 149 248463
d 1043419 126 1107298
d 1414678 130 1466282
d 140 540202 68
d 7 600053 25
d 1456257 79 1474656
d 33 1325479 25
d 7 1028121 48
d 116493 28 133050
d 605764 22 615023
d 29 566328 9
d 322289 60 312290
d 4 348522 25
d 17 668420 28
d 48 1519901 35
d 247584 3 256683
d 1276031 83 1290230
d 22 30359 37
d 461500 16 438372
d 719941 235 640163
d 24 989160 14
d 271 1025086 7
d 101 1524542 49
d 18 1127555 17
d 10 1358394 104
d 32 1520307 22
d 1511391 20 1538526
d 101 512373 131
d 833695 375 959400
d 664956 62 698559
d 49 236668 241
d 52 1560537 82
d 332779 65 273746
d 536124 20 530018
d 670571 495 815156
d 733432 139 762718
d 35 1610206 66
d 23 1381571 83
d 40 353563 43
d 54 1047937 45
d 56 1368270 46
d 149 1412992 57
d 24 63756 45
d 37 1590270 17
d 873017 179 840802
d 8 1562825 64
d 1570967 56 1557613
d 11 186808 16
d 490021 92 351819
d 687583 89 641016
d 203875 27 195577
d 69 960622 91
d 1304603 11 1307224
d 904428 16 908300
d 1028871 2 1252965
d 504687 225 530854
d 16 693224 20
d 718650 14 724887
d 484002 12 507912
d 775136 67 777532
d 381672 7 388848
d 24 615851 43
d 12 1549823 28
d 90 290392 55
d 138018 26 130259
d 81 134441 73
d 84 333021 13
d 1530963 22 1544899
d 23 103290 34
d 1424661 59 1439237
d 38 1560690 46
d 41 941837 37
d 39 1324942 33
d 172 1356015 75
d 1039757 214 1115242
d 964188 105 972036
d 579753 11 586957
d 20 281333 65
d 1484092 317 1167656
d 1560389 16 1544135
d 39 744538 20
d 180 748915 12
d 12 436712 479
d 324942 38 327621
d 48 1551615 14
d 1405606 29 1418471
d 971538 42 1055383
d 1559697 9 1607480
d 110 1485338 50
d 117 868667 34
d 16 589086 146
d 667840 23 656747
d 904516 38 923790
d 192 662921 48
d 1603300 44 1573381
d 1472407 32 1455804
d 39 727648 32
d 98 1195861 28
d 895312 57 882387
d 30 1403370 37
d 200 1323530 35
d 53921 10 62452
d 554469 58 552176
d 544877 5 540929
d 86 697460 4
d 91 843820 33
d 1494865 28 1506417
d 57 1126166 39
d 765310 12 740566
d 28 1421883 315
d 106 1047382 84
d 913964 31 947534
d 14 369752 26
d 5 215178 172
d 86697 135 196274
d 172 1443792 49
d 638340 68 616177
d 29 1548542 16
d 7 699808 9
d 1013379 474 1079491
d 1342498 257 1473870
d 1368045 5 1372570
d 242 150754 208
d 121922 25 112510
d 5 987268 107
d 322081 4 324812
d 1208713 25 1176626
d 1525278 19 1540262
d 1381334 4 1381334
d 112901 129 33087
d 64 1080071 65
d 116 131547 204
d 1102646 94 1095379
d 793019 13 832540
d 936864 58 992318
d 1551697 33 1584000
d 249677 33 264580
d 21 1011215 78
d 90 1604006 34
d 29 911674 54
d 63 365733 126
d 551751 322 517709
d 56 29382 7
d 105 831698 76
d 227 29941 28
d 12 83692 31
d 243567 28 192073
d 20 226992 25
d 1567074 50 1557475
d 258722 31 259101
d 982893 38 925271
d 101 1453126 59
d 12 1351588 143
d 319221 74 293659
d 656172 13 649608
d 733938 87 712551
d 77 871432 147
d 2 1544448 13
d 544203 16 517178
d 169 927243 39
d 381507 110 243172
d 261 520759 587
d 400242 67 404342
d 6 1111258 29
d 1431591 297 1279849
d 19 1512800 11
d 1054567 20 1044168
d 9 793188 12
d 604166 30 581082
d 15 672319 20
d 48 943838 39
d 41 574789 9
d 26 1210906 15
d 36 643989 68
d 41 36373 8
d 25 277131 29
d 37 836456 117
d 73 95760 89
d 1578116 63 1555851
d 602100 32 631760
d 20 604749 6
d 1142098 330 871957
d 28 192145 26
d 1 1396384 9
d 34 1482757 75
d 453135 14 438142
d 464887 189 395680
d 137663 27 153458
d 1103924 4 1125862
d 471824 34 456978
d 21 1067999 29
d 16 20735 89
d 1460761 1 1465552
d 1096609 16 1080312
d 505173 175 439943
d 261260 17 262825
d 63 1422501 69
d 1000500 82 972728
d 341716 25 259605
d 230919 33 239844
d 26 758767 3
d 28 1364544 50
d 328427 46 294764
d 829414 11 820258
d 358 674657 26
d 561747 31 570843
d 3 296305 45
d 163 291982 60
d 30 296115 48
d 21 891481 382
d 2 176129 4
d 1211784 18 1199489
d 23 265706 28
d 772318 26 765175
d 225378 19 222466
d 27 31703 158
d 1059082 66 1046737
d 8 1230990 5
d 19 961179 28
d 202357 223 226496
d 113 1217965 71
d 36 923097 34
d 661660 19 641500
d 838969 123 887841
d 83 715337 210
d 1427286 213 1513973
d 1352911 60 1355868
d 25 800559 175
d 40 590081 142
d 449752 16 450122
d 700560 242 683921
d 414 1398640 16
d 28 450423 67
d 1551337 152 1555687
d 86 798913 95
d 359032 31 371064
d 26 326658 24
d 62 1400856 131
d 33 1189937 124
d 331036 57 334787
d 43936 51 26507
d 860927 36 868632
d 1595022 267 1482158
d 346556 65 422792
d 23 1069678 36
d 63 1107008 9
d 285 1220132 15
d 1197691 23 1173262
d 982517 8 957057
d 36 1422315 44
d 10 87819 17
d 14 1265186 19
d 495888 32 481147
d 516137 30 543071
d 16 143641 28
d 39 323414 46
d 1080463 93 1105171
d 146 1357358 61
d 1340710 31 1357824
d 928175 108 944839
d 6 20773 138
d 133 826263 82
d 1607107 611 1381880
d 109 305763 107
d 31 768402 59
d 94 30232 13
d 83 1416553 29
d 21 688633 16
d 10 1339063 68
d 35 415342 130
d 181376 225 90943
d 753882 17 840110
d 29 194164 89
d 66 144259 24
d 358898 25 355909
d 28 723026 127
d 1023557 173 1157122
d 310111 109 300827
d 1321116 25 1327561
d 101 1375265 15
d 929972 43 945849
d 8 1215039 14
d 94 627221 73
d 1468674 73 1485509
d 880264 4 827804
d 595289 891 993854
d 65 1157763 28
d 1313830 29 1299216
d 42 1056171 18
d 938563 5 945977
d 57 845662 56
d 243901 83 268365
d 318986 39 338956
d 19 763825 57
d 68 1213495 38
d 109 1579464 28
d 70 573307 715
d 1479206 27 1506148
d 484345 110 535548
d 72 80021 180
d 1 922858 7
d 458892 65 427932
d 411297 320 429370
d 9 401582 21
d 637415 31 654882
d 37 252011 13
d 1240232 14 1239820
d 686116 19 691088
d 1060237 23 1074975
d 914447 24 935999
d 1207029 122 1232678
d 40 725832 22
d 312 1027519 150
d 135 1229473 305
d 18 1354111 48
d 1234568 22 1238384
d 495667 287 617461
d 566480 78 530097
d 1606636 1 1514810
d 37 592677 17
d 16 307863 5
d 50 123341 9
d 832823 919 1115176
d 741443 59 688153
d 1013518 36 1028410
d 699795 27 691244
d 66 835304 44
d 496184 13 483376
d 76 204359 6
d 40 342257 92
d 351836 5 368393
d 24 1482582 18
d 1597192 73 1564791
d 481602 9 480071
d 62 1212280 177
d 24 363279 27
d 891914 4 888948
d 48 1256293 22
d 62 1589831 282
d 161 1578055 46
d 265702 45 210379
d 26 66697 142
d 1411578 44 1421472
d 1366064 37 1373935
d 46 703486 154
d 12 146781 118
d 55 875370 29
d 44 775388 168
d 288342 11 296955
d 42 492106 177
d 31 439532 12
d 82895 2 84664
d 1231087 42 1209439
d 66 1078910 5
d 701779 194 966046
d 1385644 12 1397776
d 110 280572 26
d 43 540012 30
d 510881 180 471394
d 17 281504 13
d 2 1592868 42
d 7 111219 93
d 907715 62 910109
d 576 6550 266
d 233771 15 225557
d 304489 17 304099
d 37 405195 170
d 31 1066125 26
d 52 1137550 77
d 1523754 42 1507231
d 1403875 20 1386065
d 311 816708 108
d 31 757038 57
d 6 741127 25
d 50 1234495 20
d 38 102610 30
d 61 1190606 27
d 1058574 132 1102135
d 62757 30 7715
d 970238 69 998707
d 22 960326 15
d 1255481 63 1172768
d 1491012 86 1508099
d 839989 63 849713
d 206226 398 196142
d 131 340758 11
d 159 445754 293
d 20 1102565 73
d 126 782906 89
# 5000 operations
d 432015 5 424356
d 9 173046 17
d 1421866 87 1433619
d 1202629 17 1193933
d 566464 35 584446
d 76 838302 24
d 162 1582623 311
d 16 91365 135
d 101280 70 66435
d 66 181419 16
d 38 1414414 22
d 740054 48 779148
d 1031069 15 1020317
d 133 111598 12
d 693209 74 687052
d 1173622 128 1091389
d 1559768 6 1560181
d 1240856 36 1331120
d 991855 47 993272
d 930878 148 838109
d 78 750349 7
d 1120628 55 1172610
d 28647 7 27233
d 707999 2 711525
d 106222 4 99722
d 818963 194 773103
d 5 214376 84
d 111 1109591 99
d 547246 20 545731
d 18 926124 18
d 1409742 33 1430056
d 17 1393357 26
d 14 1169862 34
d 49 6681 23
d 715524 20 654027
d 668232 82 618373
d 1042508 22 1039496
d 543447 6 539917
d 1333711 16 1316881
d 325 1451600 191
d 61 922875 19
d 82 1024043 149
d 1592723 44 1585630
d 177446 116 169538
d 1595815 25 1607287
d 1175778 134 1111655
d 576999 20 576212
d 1225366 70 1175067
d 31 1251542 61
d 61 455537 7
d 1305249 154 1328215
d 539970 36 524288
d 67 189043 50
d 15 1218930 11
d 1401054 136 1610610
d 555721 58 581570
d 19 652104 37
d 138 365338 145
d 355251 83 404144
d 51316 81 16491
d 419222 35 436804
d 95 1078277 39
d 1346056 446 1260885
d 842215 58 842216
d 48 1451091 64
d 5 59830 19
d 33723 43 27553
d 21 595905 61
d 1596732 35 1605000
d 26 1297175 153
d 52 926437 140
d 7 1482343 4
d 61 530099 32
d 15 233530 20
d 62 934640 23
d 124 391187 110
d 51 1106788 24
d 643620 15 649780
d 539958 48 550852
d 684929 67 690327
d 355161 65 385622
d 697954 65 723872
d 522953 244 609893
d 48 181064 74
d 1381422 73 1375771
d 40 1164496 164
d 23 554596 28
d 308 1243060 393
d 119640 46 145600
d 950093 48 934690
d 113789 12 102229
d 68 55224 11
d 796277 50 808558
d 754201 35 755442
d 19 564017 22
d 15 1585432 17
d 30 1609852 245
d 1072870 66 1145072
d 170 799135 14
d 1523298 29 1506019
d 248 956931 161
d 39 230479 33
d 57 1157758 23
d 924859 64 950201
d 39 816070 66
d 277048 403 191781
d 1574056 58 1535459
d 20 221977 269
d 990414 50 971237
d 55 1026392 87
d 77174 107 114779
d 970999 37 635840
d 1 1483689 1
d 1352787 19 1368930
d 1236813 17 1252754
d 518297 7 517914
d 1488036 17 1484352
d 14 13010 16
d 41941 123 86802
d 1221148 37 1039627
d 80608 148 18949
d 2 592192 11
d 503315 28 492555
d 44 373927 36
d 1194538 32 1181511
d 487623 92 502305
d 48 1342991 68
d 452669 54 451107
d 722098 21 726350
d 1592510 36 1561647
d 1415498 135 1353807
d 793241 129 803192
d 1566437 11 1558748
d 222 1213060 42
d 352748 6 350372
d 553739 142 636313
d 310212 147 292701
d 545731 21 547640
d 1254371 943 1070777
d 1210020 72 1220917
d 1191 16 4239
d 1252534 26 1262641
d 46 426380 1490
d 68 1249395 27
d 247588 32 241935
d 41 624032 6
d 8 603589 145
d 1519137 69 1504394
d 465401 41 444825
d 5 180236 4
d 26 1192522 20
d 44 882711 45
d 128 234289 216
d 425124 4 420270
d 339240 8 339628
d 40 1037095 153
d 391 262257 403
d 132 855719 8
d 275376 33 283861
d 21 1048501 106
d 116 1446759 141
d 46 609400 18
d 140 1172380 72
d 230203 63 163469
d 13 690628 19
d 22 1278156 40
d 1259992 49 1233990
d 30 513053 56
d 50 35324 28
d 84 851495 33
d 18 970267 19
d 39 1303244 34
d 543675 329 694880
d 450409 199 336272
d 698664 3 699457
d 806863 17 808039
d 1368204 23 1371545
d 2 103653 34
d 52 812162 70
d 1021532 27 1015055
d 1594419 13 1590684
d 42 1163768 143
d 136743 58 143037
d 1450664 19 1445310
d 1273297 51 1288310
d 28 1319509 8
d 27 347105 1
d 34 443358 12
d 61060 28 57862
d 155242 86 135955
d 96 85462 35
d 475414 52 441475
d 1136444 63 1154924
d 649804 64 619842
d 22 126549 21
d 456408 38 452054
d 76 566302 17
d 59 306396 84
d 929153 220 944365
d 17 641803 45
d 99 660749 61
d 530163 14 534780
d 482288 37 513509
d 92 179416 23
d 31 779551 30
d 164798 40 152504
d 434987 152 440304
d 587670 123 652316
d 423 898085 56
d 203243 13 189681
d 3 1240446 3
d 94187 4 88732
d 1083904 109 1047965
d 166146 66 136895
d 57 1404941 652
d 15 819715 79
d 255070 246 178928
d 46 1280460 193
d 11 999240 8
d 53 162929 37
d 640117 47 699461
d 1612285 66 1592207
d 1077155 46 1110838
d 206361 4 206360
d 835377 87 803066
d 51 1029782 50
d 96625 20 9761
d 785554 29 744379
d 70 1583091 43
d 1590181 153 1552785
d 5 1160925 62
d 1246537 180 1304631
d 1219948 203 1183688
d 84 708301 46
d 85 885334 38
d 18 200753 20
d 671 847998 132
d 1580644 36 1560041
d 18 1470318 24
d 1296232 23 1304776
d 20 700392 19
d 118 102941 17
d 553633 65 535832
d 42608 28 15524
d 132 1086793 78
d 59 742672 46
d 618151 31 605368
d 26 1191500 95
d 299056 11 297951
d 77 1333915 15
d 545 985131 111
d 126 625972 121
d 1533128 65 1481804
d 37 1289784 23
d 1576092 90 1323026
d 52 1044065 51
d 61 825929 50
d 34 1579813 37
d 834696 1197 1607895
d 800657 13 795561
d 31 341369 26
d 726308 24 711462
d 520498 152 586019
d 3 851136 15
d 133864 233 235727
d 12 1455288 8
d 337253 94 352365
d 34 760641 98
d 8 1262569 23
d 1079997 28 1087620
d 106 902234 58
d 998276 183 1139925
d 47 1173435 30
d 646943 44 660892
d 1115760 75 1142274
d 111 1316997 105
d 14 141606 59
d 627201 61 614067
d 3 1435434 72
d 875997 7 812492
d 971888 205 976467
d 1563808 34 1549114
d 29 115635 32
d 10 1160606 12
d 1559799 86 1500044
d 69176 48 31283
d 791145 81 855372
d 18 1295361 22
d 898521 248 819714
d 950670 9 952608
d 419426 7 428154
d 1518392 30 1541660
d 1160715 20 1159952
d 859268 95 827451
d 859585 42 849644
d 761505 21 777400
d 1184115 14 1205481
d 340 934227 43
d 1293860 30 1263355
d 192 1263612 26
d 1606707 11 1591038
d 828671 36 829080
d 316272 88 300415
d 556290 318 533088
d 24 156980 10
d 9 106564 8
d 57 1137435 63
d 273685 47 287881
d 60221 99 98037
d 544 1612290 683
d 33 1369760 144
d 1084030 111 1058554
d 36686 5 35612
d 312 289594 258
d 109 364451 314
d 83 1186214 22
d 837769 69 874982
d 269 746319 33
d 366635 28 358747
d 52 383692 9
d 7 81422 7
d 185124 56 210735
d 67 419366 26
d 1601053 11 1585438
d 40 482064 34
d 1040229 95 1113165
d 172 1106915 44
d 1424339 100 1452734
d 1055659 38 1050605
d 181 703438 167
d 1195559 30 1196346
d 8 448789 1
d 789529 49 792294
d 882966 110 857674
d 1560923 55 1599043
d 206 499861 84
d 76 806245 300
d 365744 5 346389
d 369992 59 352338
d 12356 74 38056
d 1161934 210 1088664
d 51 187194 36
d 480981 46 463280
d 126358 48 134677
d 25 1510268 378
d 51 143060 25
d 11457 4 9793
d 774955 22 774550
d 30 745272 58
d 25 1587602 14
d 69 602712 111
d 671433 15 657620
d 2 1066502 178
d 939404 37 959289
d 4755 136 78645
d 35 1596101 22
d 1147770 66 1112927
d 915635 128 821573
d 49 1317293 27
d 1591401 65 1602909
d 591 246122 57
d 496244 598 501034
d 1282518 39 1274842
d 11 1376310 40
d 21 799299 194
d 1386373 22 1326704
d 1277680 12 1291214
d 130 361607 64
d 31 597415 30
d 1342880 17 1349180
d 108945 95 91057
d 76244 5 376869
d 85318 35 64660
d 711685 156 715203
d 63554 34 79314
d 54 194885 25
d 38 482027 58
d 997834 15 1005898
d 48 1077762 61
d 27 565444 97
d 36 1344913 30
d 11502 18 274291
d 209729 21 216577
d 325094 122 389742
d 187856 25 122223
d 42 1567354 11
d 20 469988 9
d 437 685772 4
d 76 297597 31
d 871651 114 842562
d 50 92303 291
d 643823 9 630951
d 38 194100 18
d 261 1142433 375
d 528743 23 569804
d 38 1408566 503
d 47 1446329 50
d 1387433 110 1513359
d 639460 18 620727
d 49 862918 65
d 3 1584645 32
d 110 1201769 72
d 59 863393 174
d 12 826428 52
d 19 551914 78
d 42 338715 29
d 763175 18 751361
d 1475903 119 1478965
d 117442 21 122465
d 119 75303 119
d 10 455085 38
d 154969 13 208987
d 73 927721 13
d 1291081 2 1293390
d 986956 19 977627
d 1052289 27 1028802
d 533652 83 529815
d 1074732 54 1097454
d 28 1333699 234
d 22 333281 246
d 14 254237 18
d 12 219981 9
d 37 160025 27
d 1267431 51 1328471
d 14 1590779 619
d 76 1544114 54
d 149 1599979 43
d 88 1343800 69
d 514457 20 513328
d 8 837951 1
d 1046481 42 1097868
d 1154261 14 1160461
d 145 314801 178
d 7857 88 46081
d 36966 30 46448
d 22 1068514 17
d 248865 30 249247
d 290 739903 242
d 896318 108 900928
d 1084938 105 988700
d 40 362982 165
d 263 669247 97
d 35 402615 36
d 61 1239995 26
d 233 1271395 39
d 420344 46 424447
d 256681 92 223624
d 73669 42 45810
d 14 148167 72
d 1580219 62 1573922
d 66 826579 65
d 166 584371 72
d 1278672 178 1214805
d 24 115406 74
d 1257000 59 1307026
d 386086 23 393421
d 10 856632 12
d 33 566307 77
d 1099533 87 1099935
d 8 958367 382
d 87 999675 26
d 240054 70 225074
d 18 1046521 17
d 58 280333 37
d 844472 103 846837
d 1468671 30 1485499
d 1258989 280 1306044
d 999581 94 925937
d 794631 110 777051
d 211 1379913 11
d 22069 54 130584
d 24 1010800 11
d 45 976857 66
d 132 237012 12
d 7 529281 59
d 158 845613 205
d 34 946564 51
d 1132639 21 1097316
d 41130 64 8175
d 36900 27 20945
d 25 956880 25
d 593429 33 572454
d 1405 1603117 90
d 239491 21 224155
d 1204507 60 1178076
d 278 390786 26
d 86 1368010 85
d 32 746489 18
d 20 540360 33
d 1255301 37 1246065
d 54 1594009 173
d 83 1451410 73
d 56 1356084 29
d 17 1545691 33
d 17 925046 85
d 30687 10 40961
d 73 119688 170
d 362626 392 206842
d 210 1074537 119
d 1061797 78 1069374
d 1111784 36 1089856
d 190 174738 124
d 131682 41 84916
d 1231619 23 1251797
d 324 1180523 19
d 17 1448829 31
d 87 1545763 7
d 1322812 18 1345483
d 1365434 26 1406868
d 85 1185005 14
d 1179641 18 1182836
d 35207 34 21377
d 42 28651 76
d 30 659503 78
d 28 1292825 46
d 28 1502279 166
d 751892 24 742113
d 532122 27 529451
d 17 466809 30
d 1170130 28 1175975
d 122 260624 225
d 167 57390 77
d 37 1604769 36
d 37 292625 34
d 139270 76 172762
d 34 321448 32
d 123 1345605 32
d 59 30796 134
d 85 683804 39
d 355418 54 338731
d 819533 53 854333
d 223160 199 189193
d 82 1225676 14
d 669068 50 663569
d 56 1321632 56
d 22 756332 18
d 42 291928 42
d 65170 72 80141
d 325954 227 257632
d 90 465002 238
d 61 419032 16
d 26 302372 13
d 20 960806 1
d 25 444777 21
d 171728 73 172475
d 1557352 25 1552971
d 1181274 14 1179265
d 1464352 20 1458772
d 432866 44 455968
d 1090630 18 1117807
d 7 192535 12
d 2 946970 2
d 1293250 1072 1611738
d 29 1431096 28
d 676 8997 1037
d 42 1338525 42
d 19 425367 21
d 1017142 29 970322
d 147 1567198 60
d 32 808416 50
d 337347 30 369040
d 1090274 13 1081573
d 57 1366301 95
d 119667 21 125073
d 70 801715 99
d 22 67336 44
d 747538 156 810112
d 624104 42 631534
d 139 267167 59
d 29 650078 33
d 753771 232 968085
d 1590568 67 1556107
d 29 1356161 21
d 730088 64 748795
d 540706 45 553528
d 771497 21 776200
d 1229027 6 1247147
d 38 1060169 14
d 84904 15 88914
d 74 608997 71
d 274730 28 288557
d 1083985 3 1100192
d 98 656602 8
d 382543 37 401452
d 21 1225198 31
d 696458 21 707470
d 266642 44 253306
d 203405 13 208566
d 1471048 82 1364160
d 25 821801 20
d 1408286 49 1445293
d 11 1347957 11
d 18411 32 186442
d 26283 31 57497
d 1292509 197 1363220
d 99 3368 58
d 7 390562 14
d 366707 83 411748
d 55 1295516 1
d 393931 34 408920
d 22 79246 46
d 1482860 103 1425087
d 31 781175 21
d 18 1368797 1
d 695531 24 703040
d 45 780918 16
d 1604627 8 1197780
d 54 1160200 56
d 1262669 2 1218463
d 168664 13 155194
d 47304 78 48004
d 377872 13 377500
d 1380262 47 1367538
d 1017049 18 991288
d 1503791 117 1526014
d 714773 24 711201
d 8 482993 48
d 1001327 202 1135657
d 66 1317915 24
d 104 1485228 16
d 63 329789 136
d 1112541 164 1187200
d 35 1437255 21
d 1 1595146 17
d 21 769105 20
d 16 966559 8
d 735962 43 729043
d 12 1482172 33
d 122 618777 25
d 1262265 379 1153971
d 1258586 97 1307140
d 1174187 48 1166443
d 35 918703 57
d 694901 5 691464
d 103 641690 82
d 140 1359177 34
d 136 1262114 7
d 71 221249 110
d 62 878378 49
d 19 594729 899
d 29867 67 28142
d 495165 124 539785
d 486635 36 458597
d 1390571 53 1431783
d 100 1385003 25
d 36 1514850 45
d 2 1127791 57
d 1264465 80 1248590
d 21 967432 24
d 576099 14 592525
d 1303827 32 1302613
d 375446 63 357116
d 128 1010939 84
d 1585308 21 1579205
d 247033 513 8224
d 873667 60 834895
d 1416517 2 1412689
d 34 280476 105
d 1176366 276 1040058
d 21 816645 2
d 20 30342 2
d 867288 25 867290
d 37383 14 27274
d 26 411759 83
d 1052340 22 1073708
d 63 1176998 111
d 253874 45 201839
d 2 378643 2
d 63 944152 28
d 2 1548917 1
d 426187 33 415156
d 1093739 21 1058450
d 1513690 12 1513692
d 761739 142 766951
d 889327 324 769879
d 28 228774 273
d 790184 72 802924
d 483392 21 487215
d 39 1192410 15
d 14 758850 104
d 62 1512567 280
d 106 592487 62
d 87364 34 73213
d 864312 48 855341
d 288121 204 311220
d 9 707977 8
d 501215 75 501198
d 21705 23 47892
d 22 331691 144
d 195 236815 96
d 274126 64 281596
d 1424 524065 94
d 1258008 108 1296127
d 1610344 115 1545617
d 131 467271 222
d 266037 84 310131
d 1524714 43 1544400
d 1517092 41 1497800
d 1101200 23 1123517
d 26 1221157 24
d 456670 1 504510
d 237119 12 231874
d 20 4531 207
d 993129 77 976391
d 13 670203 36
d 180 1433060 38
d 1518548 12 1521450
d 22 1094514 31
d 193 1245262 44
d 140 466580 111
d 1172409 38 1167714
d 290073 274 470927
d 631014 195 664472
d 862500 20 900218
d 355 994748 112
d 1441756 9 1449812
d 680283 9 675178
d 134 667612 174
d 920011 107 894911
d 681032 11 684542
d 1592991 17 1609953
d 34 1426647 68
d 8 353956 112
d 22 1284207 153
d 412411 35 296849
d 765747 21 744507
d 20 1126132 35
d 28 612833 35
d 1518881 390 1504158
d 69 923729 12
d 39 989970 65
d 675273 13 677579
d 18 347162 22
d 40 230215 49
d 1344070 35 1366492
d 41 1610374 167
d 42 251645 20
d 1088 431040 346
d 432735 24 442640
d 988629 16 996448
d 718780 2 717228
d 1527429 84 1479357
d 838733 22 825538
d 1041151 22 1039681
d 110 550260 51
d 3 384400 2
d 916753 197 985569
d 43 985145 130
d 51 552777 15
d 180564 212 141665
d 102398 290 199140
d 38 914317 76
d 237001 19 240003
d 1280154 19 1279789
d 23 675913 17
d 137 436882 250
d 23 531670 25
d 32 1366802 177
d 151 1610104 46
d 643 1593863 43
d 40 623806 42
d 720844 16 723181
d 96695 363 243704
d 289 595839 42
d 20 341577 101
d 25 872017 89
d 46 520716 22
d 536725 7 492865
d 34 320744 34
d 662721 15 652994
d 616879 100 563423
d 55 904160 224
d 963713 13 955082
d 190810 30 207667
d 35 34521 6
d 710770 13 702524
d 51 1114953 58
d 63 286058 41
d 1553496 1 1552743
d 1418502 108 1429377
d 946723 6 958040
d 447973 10 420484
d 24 558069 8
d 15 67652 37
d 1306896 245 1303132
d 294841 50 306888
d 32 1395474 70
d 33 192897 60
d 655934 4 647824
d 360 1507119 111
d 55 786843 44
d 98 732750 62
d 20 356961 17
d 1513810 42 1503671
d 86 1048698 9
d 1106232 9 1116303
d 48 649948 52
d 1518077 55 1535796
d 40 1453278 21
d 20 364523 67
d 11 198322 11
d 1004223 33 1036304
d 44 1085816 31
d 87 756840 181
d 18 601832 20
d 1393120 15 1392718
d 612852 306 570760
d 188322 9 193249
d 28 632751 15
d 129309 52 147258
d 17 696104 1
d 16 85050 2
d 1182752 10 1189725
d 1599523 23 1594634
d 17 115652 47
d 822855 40 834566
d 1563545 47 1538968
d 476146 51 483194
d 971896 185 1044191
d 948287 28 942345
d 42 1270610 115
d 1596416 164 1533535
d 26 196462 50
d 19 856839 7
d 58 854698 17
d 33 434333 94
d 755745 4 791508
d 72 807634 50
d 1152113 1276 1593743
d 1236477 230 1121449
d 121 106713 74
d 1434746 14 1434367
d 1112225 23 1113700
d 160 1602907 13
d 527698 24 532275
d 36 872344 123
d 726374 16 734460
d 251 1166530 88
d 684486 43 678301
d 36 550600 22
d 43690 449 22452
d 35 1397001 50
d 193988 24 202306
d 732437 466 880387
d 1104096 5 1098363
d 12 695691 40
d 1145612 118 1446118
d 163452 13 161942
d 56 636572 130
d 32 1113733 15
d 371 155392 250
d 341755 53 302474
d 51 451804 121
d 55 1521426 19
d 1204388 178 1232450
d 1583990 6 1576947
d 449084 69 439111
d 1284535 143 1349855
d 822652 85 811512
d 933438 29 936947
d 1004919 9 1011477
d 1167601 19 1185958
d 28 705168 37
d 19 543450 24
d 119 143782 77
d 836003 288 747431
d 17 685558 20
d 81 804218 48
d 77 409580 57
d 795086 5 785554
d 963820 47 1013615
d 339147 32 352127
d 2 336843 10
d 124 178977 29
d 10 1382849 8
d 564347 16 555393
d 44 840235 67
d 57 1162362 67
d 329846 52 353253
d 20 750541 96
d 39 132032 3
d 395221 13 374897
d 15 1601189 3
d 27 1160366 39
d 265 118349 116
d 26 709045 25
d 145 626117 95
d 68 706042 110
d 10716 95 50049
d 29 65870 29
d 94736 24 87072
d 30 1501787 95
d 1131590 16 1123090
d 9 1586130 24
d 622946 53 633517
d 35 1412044 119
d 100 767205 52
d 1324313 78 1332337
d 584 562505 246
d 30 1027864 50
d 195 1104249 50
d 119 205034 31
d 1608578 14 1608575
d 190854 242 53000
d 1155564 152 1211179
d 67 638291 109
d 34 1295155 35
d 391 676066 21
d 1126973 12 1160793
d 1211674 16 1598368
d 13 1552484 89
d 20 1556971 28
d 67 1315268 52
d 51907 62 41359
d 1229531 17 1185134
d 354 607959 132
d 1211007 22 1212470
d 585440 101 543333
d 163 272822 136
d 56 585128 11
d 68 1402092 68
d 19 89910 45
d 456021 54 472818
d 64 566347 13
d 482674 17 487674
d 840038 160 889188
d 169 1545802 55
d 1086301 3621 726690
d 539883 48 514829
d 32 1060571 19
d 144169 123 210524
d 202918 28 231528
d 37 674217 52
d 944802 2 932335
d 575155 29 572910
d 396634 50 409341
d 58 639867 31
d 482368 84 488566
d 309398 1 310168
d 153827 18 148613
d 921918 36 899942
d 216 5244 23
d 77 973440 4
d 41 161170 24
d 44 518860 25
d 6773 370 176943
d 544370 842 915352
d 14 594001 209
d 1396035 40 1390727
d 10 464520 85
d 39 1518109 125
d 117 699399 255
d 20 1095496 95
d 866231 39 829666
d 688 190723 19
d 156 1478496 45
d 219 300287 130
d 79 1218710 41
d 751646 86 707634
d 256243 97 278675
d 102 133691 64
d 43 1475178 37
d 35 1158378 12
d 1285833 13 1284312
d 21 1393379 42
d 121 1056152 68
d 321546 32 323916
d 18 1392351 37
d 1022382 58 1037578
d 978170 30 998647
d 799911 84 777223
d 277867 333 423116
d 33 1502716 21
d 268780 4 269945
d 149583 28 136791
d 80 745432 41
d 1584913 15 1589647
d 191 623337 101
d 1104767 2 1104400
d 1214018 113 1231160
d 83 1500279 160
d 1260688 27 1333464
d 15 420754 15
d 636980 18 634237
d 216905 38 208883
d 61 462959 45
d 64 1028956 98
d 149225 105 163831
d 1590273 60 1572796
d 27 1299940 4
d 883135 41 838878
d 130 665984 385
d 45 388627 111
d 38 1371882 106
d 1380465 64 1369987
d 545346 15 476979
d 1523295 1 1521805
d 172 275917 296
d 94 246699 61
d 5 228064 58
d 660968 10 644334
d 24 483979 33
d 922148 37 915051
d 1558721 38 1578324
d 56 1084857 31
d 202 1124730 25
d 907438 30 928203
d 17 604911 20
d 16 1546625 26
d 47 1083778 47
d 28 1150723 26
d 31 368927 11
d 1528172 258 1604905
d 713819 30 702442
d 75 113087 38
d 1555598 3 1546137
d 79 990122 53
d 254495 55 252233
d 1241897 58 1438109
d 56 323664 76
d 24 288955 144
d 19 1574227 38
d 54 882361 19
d 250 901966 23
d 403649 16 425901
d 107 813766 18
d 53 104677 43
d 123 211061 96
d 76 1242255 2
d 1168054 48 1119236
d 1444859 45 1491241
d 964540 22 983692
d 114 1385131 300
d 952715 23 953105
d 345530 140 377892
d 1232665 209 1359224
d 546055 30 524866
d 935621 18 932910
d 20 382587 64
d 1213876 48 1229536
d 1341083 4 1336857
d 509375 143 461896
d 40 272655 61
d 1207751 19 1202163
d 187 264730 122
d 49 1203718 34
d 745784 1 882466
d 11 1004081 31
d 1007652 152 1027239
d 1605046 56 1601558
d 34 362177 11
d 307502 15 244418
d 9 634355 4
d 1364305 271 1347127
d 32 765357 15
d 1432087 25 1422989
d 769965 38 789896
d 93 858096 106
d 74 43062 10
d 1501109 50 1465639
d 36 717064 116
d 14054 108 3585
d 1453193 36 1471706
d 59 1335782 200
d 919333 83 954814
d 738474 223 910004
d 1535964 35 1516112
d 1471258 12 1454234
d 486056 784 211036
d 1256798 245 1361735
d 99 759837 48
d 326 1203880 1
d 80 85321 86
d 106 1002313 14
d 1453453 9 1457983
d 1581059 82 1522804
d 1 1022575 12
d 2 1036744 52
d 14 1252682 1
d 10 919952 23
d 21 908555 120
d 1422483 17 1404785
d 1214742 49 1209796
d 1557802 71 1594518
d 136891 48 62853
d 35 791133 21
d 75 616903 16
d 1297 139674 34
d 57 756440 31
d 1349432 55 1350549
d 51 861513 67
d 14 361619 1
d 810323 35 805597
d 42 257680 67
d 34 967602 322
d 675341 127 651974
d 156275 82 138576
d 28 126751 2
d 68 1142809 50
d 1368891 168 1260125
d 49 644724 47
d 1379466 111 1347975
d 1224413 14 1226793
d 948282 29 961895
d 7457 36 28950
d 29 1287251 19
d 21 350032 60
d 32 719822 48
d 1182338 84 1228672
d 360078 245 351363
d 168 594833 70
d 108075 63 116764
d 828812 102 777447
d 56 1350136 96
d 28 675793 3
d 684795 30 697062
d 42 1340444 62
d 67 290794 54
d 219204 24 220787
d 853416 39 846651
d 940754 64 915020
d 52 1161451 56
d 702074 17 721250
d 113 680802 153
d 55 1153598 58
d 564709 61 611983
d 24 363051 114
d 57 442697 121
d 1 202924 2
d 8 464671 7
d 1559216 33 1581291
d 218618 1 218240
d 746913 26 742539
d 44 1266353 42
d 1390556 190 1441457
d 35 529184 52
d 49 1149897 60
d 148 1610629 17
d 1025325 58 1074043
d 1521767 416 1580049
d 19 1557735 8
d 536 825045 184
d 536488 27 516416
d 6 1519084 66
d 269335 35 290350
d 53 281275 61
d 25 445987 23
d 841749 158 800336
d 91 77463 127
d 1 252512 39
d 64 1322755 186
d 489187 25 537740
d 1399608 24 1415794
d 149 1015577 127
d 681523 9 670100
d 1192944 20 1187721
d 27 615004 24
d 74 424331 17
d 1416246 75 1367672
d 503808 2 507223
d 70 576984 59
d 10 1053466 51
d 13 516943 24
d 19604 10 25021
d 17 636359 466
d 324906 44 340626
d 813783 12 802826
d 40549 22 43731
d 129477 17 144531
d 73 116528 78
d 41 275311 44
d 416418 159 413380
d 1446981 12 1419788
d 610465 24 604407
d 138233 12 133435
d 179 1369106 23
d 48 379771 719
d 100 1036804 17
d 901506 48 933358
d 43 625368 16
d 38 1236988 36
d 21 969562 63
d 1531709 44 1560746
d 346650 4 350157
d 16 1289895 22
d 538194 43 574999
d 1435337 22 1464147
d 740170 409 737531
d 48 394359 43
d 269307 21 250196
d 1195651 20 1182293
d 120 971279 42
d 222 979867 87
d 106852 39 132102
d 18 1144117 35
d 1118350 27 1125293
d 9 1292499 16
d 1300264 12 1292394
d 685341 41 657333
d 13 612290 32
d 7 350149 10
d 1207652 34 1194574
d 114 1039452 1
d 29269 4 7262
d 330809 55 341283
d 705334 137 787537
d 451336 13 441336
d 42 1347164 19
d 271 115215 273
d 1579647 19 1570048
d 211 1409333 39
d 71 606818 92
d 1433976 22 1442465
d 5988 60 73797
d 57 786575 102
d 555281 35 563860
d 14 432073 47
d 163130 136 203439
d 582094 103 549645
d 70 1272701 160
d 348 1506856 41
d 497353 321 384521
d 1133161 63 1138947
d 744383 143 734245
d 23 104952 9
d 67957 10 16248
d 378 94577 9
d 2 1352963 58
d 2 854539 4
d 65 1331361 88
d 53584 2 26594
d 16 696956 14
d 27 1480658 28
d 269243 23 286078
d 989050 29 975654
d 46 1400580 16
d 445230 86 416876
d 1374595 61 1415291
d 1532887 6 1536106
d 46 425594 193
d 1014193 21 1006500
d 81409 77 99612
d 1063012 3 1064886
d 815265 89 759698
d 959330 78 1034583
d 1199695 48 1207255
d 82 1017637 45
d 5 172312 64
d 240779 133 281668
d 13 1221302 14
d 63 1031897 69
d 27 224961 158
d 37 593557 50
d 1395651 68 1411446
d 465482 47 450245
d 549468 2035 1249873
d 10 38426 142
d 957689 64 956559
d 55 1375148 37
d 42 48906 56
d 22 1514295 27
d 1289426 58 1320371
d 234 1013927 67
d 1212803 9 1386997
d 656419 78 663106
d 33 548272 22
d 75 743369 74
d 171 1195252 56
d 24 224743 14
d 704647 32 675891
d 32362 130 47189
d 1449162 66 1475489
d 130 1400238 46
d 1278867 36 1294784
d 1337846 89 1361423
d 36 1070592 50
d 8 565478 12
d 18 626436 705
d 147953 15 161718
d 13 961363 70
d 509632 30 502316
d 55 119411 75
d 46 219665 6
d 48 125861 66
d 1410826 228 1586316
d 82 569769 61
d 1003094 38 1024206
d 45 342617 36
d 38 1048828 45
d 526138 39 509460
d 44 1179350 86
d 88 1543347 109
d 30 1470403 33
d 18 315349 57
d 1054765 63 1025878
d 56449 67 51815
d 159709 326 162724
d 16 786611 34
d 319493 67 348878
d 1443809 28 1423761
d 953401 53 940974
d 551828 112 581496
d 48 1112560 12
d 6 193966 8
d 437721 251 494156
d 397475 27 391453
d 270038 10 261657
d 1214253 2 1211967
d 66 852569 29
d 90978 29 90974
d 64 371767 28
d 37 1246369 28
d 17 808449 30
d 47 148725 48
d 673582 13 683171
d 2 424714 327
d 81 1283319 42
d 67 434090 94
d 137 1582463 225
d 35 99698 25
d 1365185 7 1361457
d 383 840417 135
d 840939 53 862557
d 26 889691 48
d 882535 20 877459
d 1259590 22 1236580
d 991545 11 984048
d 1090868 2 1009860
d 24872 21 5341
d 88 378111 31
d 589164 1 581541
d 60 1223010 60
d 6 1503717 41
d 163 1207590 7
d 916826 24 921262
d 329087 33 351318
d 24 718111 128
d 961595 92 1012825
d 1219293 34 1205670
d 1250547 381 1066333
d 1282063 43 1287858
d 1037676 27 1043689
d 31 1401790 49
d 661743 19 652436
d 56 1030815 233
d 867954 35 823133
d 845529 16 853858
d 167721 14 186119
d 612932 65 569630
d 638581 13 638577
d 29 411079 94
d 24 570720 20
d 46 337185 40
d 44 1548602 169
d 123 498838 65
d 632703 503 659837
d 1334112 6 1334113
d 21 1333122 96
d 1446836 399 1429804
d 442232 9 450299
d 1239916 186 1323722
d 376670 36 380429
d 15 404805 3
d 58 253951 93
d 264 488453 302
d 3 1303161 2
d 78 1138768 75
d 250848 47 256854
d 353 1348043 112
d 45 1329835 85
d 40 921274 24
d 8 902651 13
d 702833 212 769819
d 1400274 28 1410523
d 1302892 179 1373591
d 37 138321 78
d 1306357 34 1276238
d 911301 210 864319
d 439529 32 343988
d 24 182063 41
d 1594160 54 1607807
d 79 1395558 96
d 66 115007 4
d 32 443262 37
d 667852 106 714003
d 56 513393 42
d 728462 28 727289
d 26 391231 57
d 1443294 41 1466892
d 995225 55 1025833
d 42 914685 58
d 98518 150 176336
d 57 1525814 22
d 268643 22 276523
d 38 1129657 51
d 1092184 17 1095539
d 283 1273779 14
d 124 493738 22
d 2 674014 6
d 38 881342 15
d 10 24015 41
d 102801 21 117256
d 92 395229 101
d 54 94591 36
d 1 1377338 36
d 24774 11 8198
d 130 1382299 364
d 171665 184 78484
d 1206142 5 1206145
d 57 195288 27
d 27 280713 61
d 28 289247 89
d 28 147254 110
d 152 382124 52
d 21 550382 16
d 899 339540 111
d 53 1219044 27
d 889325 72 903725
d 533487 35 539232
d 1430566 33 1445680
d 1254748 18 1261820
d 721136 8 724659
d 11 1235855 29
d 135 642250 37
d 786597 96 813105
d 21081 8 22112
d 1352533 370 1190391
d 822235 16 830626
d 857587 24 854085
d 113562 39 82738
d 736098 35 744297
d 381924 8 375513
d 204432 40 197255
d 1422509 18 1414516
d 572459 452 728947
d 1351924 88 1338904
d 34 1391284 26
d 464742 11 469536
d 604679 24 641941
d 446 948228 151
d 995136 26 968960
d 21 277128 109
d 17 1019518 945
d 21 572785 23
d 1439997 23 1447753
d 62478 52 89295
d 836546 119 743646
d 77 655320 24
d 597 950460 55
d 1450136 29 1464345
d 1058909 72 1083991
d 442776 8 452372
d 980682 127 956681
d 21 654848 62
d 3 1563617 43
d 1118163 55 1137350
d 51 1079527 65
d 1082236 9 1067833
d 479056 23 478650
d 58 942981 13
d 1242220 13 1250491
d 375571 67 382338
d 967016 66 956268
d 1026871 46 995079
d 1151644 419 1053091
d 1411738 44 1430213
d 23 615302 22
d 23 177822 12
d 98 1553709 93
d 190429 7 185849
d 1373314 92 1356812
d 6 1449521 6
d 576969 104 554488
d 66 973488 24
d 62 1255668 39
d 50 500672 156
d 1068080 42 1090425
d 83 1006353 4
d 49 448273 70
d 75 352589 73
d 232160 38 228152
d 134 1383197 196
d 41 896288 39
d 83 936598 17
d 568753 218 498759
d 7 380158 25
d 171876 8 183475
d 19 124491 348
d 79 984943 18
d 147 1501029 20
d 861462 42 858394
d 603056 12 565726
d 8 46618 28
d 149 1260082 139
d 3 14705 19
d 112 649315 9
d 15 153762 21
d 91 417645 36
d 1058965 258 973185
d 44 1177080 90
d 1471761 140 1464049
d 4 696328 49
d 46 192997 24
d 18 450349 329
d 801020 6 795095
d 7 1256496 5
d 1269219 12 1292580
d 32 118322 20
d 453663 45 444793
d 34 1521926 66
d 434039 69 419941
d 1425774 45 1423479
d 1537336 32 1539220
d 881 102 35754
d 1194363 57 1198647
d 42 1170928 16
d 1158762 61 1061290
d 1301025 120 1251074
d 336322 38 363039
d 25 1518533 8
d 974104 425 1061752
d 22 753523 39
d 248 542882 7
d 70 1000079 166
d 16 458015 32
d 244 1386682 28
d 75 705918 72
d 1328532 39 1396904
d 662757 39 657232
d 255518 61 261193
d 1147236 36 1161907
d 111147 90 94432
d 118655 16 114705
d 409511 97 429872
d 18 90642 15
d 161646 61 140571
d 1271803 5 1274134
d 1367134 3 1367133
d 14 222913 140
d 36 1102935 36
d 1486501 129 1470826
d 187 682674 223
d 1116953 29 1116562
d 581893 29 664350
d 25 1608690 23
d 145 1068154 7
d 10 1037395 174
d 50 694214 19
d 142 1276071 99
d 1318854 71 1335914
d 1162974 7 1149408
d 125 1545240 40
d 23 1186451 5
d 334063 74 312709
d 1575490 119 1605202
d 939308 70 917005
d 159 751283 155
d 1454667 159 1564314
d 790279 38 819724
d 1275504 327 1466326
d 60 828236 24
d 1274269 49 1284330
d 449090 208 657323
d 1453795 71 1423878
d 508522 15 497048
d 424821 44 419493
d 108766 6 84696
d 10 1606379 32
d 1110715 112 1157007
d 203 499997 141
d 19 306147 55
d 11 1484046 13
d 3 1555632 9
d 1056753 26 1033973
d 29 689059 196
d 1376516 54 1410445
d 878734 302 1048215
d 177 1307699 55
d 380998 55 421048
d 7 1571147 152
d 746704 33 755232
d 506367 5 507104
d 97 347345 126
d 29 80281 17
d 168 1488803 83
d 995740 11 1016017
d 539580 4 536919
d 140 514827 132
d 1098059 321 1236868
d 1519260 35 1500788
d 30 1607545 365
d 19 723264 16
d 56 1550500 13
d 28 246668 67
d 20 892675 125
d 440 771021 94
d 274 1104484 18
d 647288 52 680666
d 1575875 28 1598388
d 29 329427 78
d 50 1219448 27
d 30 141764 20
d 1038937 14 1044590
d 24 890059 23
d 24 860837 40
d 1130180 127 1156263
d 1415784 10 1416177
d 655776 24 665205
d 502197 10 493005
d 266670 18 255584
d 916662 61 878455
d 57 336550 68
d 634337 3 651050
d 367428 63 329785
d 59439 45 62014
d 1326642 112 1285458
d 1325414 62 1305099
d 865210 61 858219
d 145960 134 191263
d 74470 82 45248
d 357842 106 330320
d 8 1131324 7
d 26 875206 126
d 2 1326092 3
d 518710 13 509447
d 668733 27 577758
d 627418 56 640693
d 1129324 17 1140046
d 121 428774 241
d 33 776595 12
d 1242864 492 1336177
d 19 536435 24
d 20 458755 17
d 699759 17 703276
d 54389 35 34974
d 839261 89 936686
d 30 261215 31
d 35 1239131 127
d 1109301 84 1138259
d 496902 262 464369
d 58 230389 12
d 1273880 40 1253727
d 1415598 113 1343519
d 560866 54 507234
d 900990 24 891439
d 337207 8 336819
d 517300 15 522052
d 1007534 30 993462
d 1446839 76 1440651
d 1359134 170 1413625
d 45 879870 51
d 20 758731 44
d 25 1513337 32
d 1262584 7 1252502
d 153 779416 11
d 174 1010421 80
d 1381880 364 1240935
d 1273617 10 1264313
d 18 596719 147
d 109 1293506 6
d 51 858453 59
d 55 447709 9
d 45 28833 12
d 198637 30 208365
d 1493069 55 1512595
d 247 1079391 106
d 1249698 105 1222652
d 430601 86 449670
d 268956 15 294397
d 557075 48 576056
d 1607595 92 1552281
d 6 1546961 123
d 6 379772 33
d 88 152566 132
d 35 928506 35
d 73 878243 92
d 1273002 9 1272999
d 868433 12 820540
d 96 510052 20
d 1027990 24 1020237
d 581007 26 555906
d 74 1304729 44
d 37 1296222 10
d 1211730 8 1209451
d 731198 114 686049
d 1071070 29 1077128
d 5 1566289 111
d 22 1426187 20
d 48 162393 34
d 485340 11 491967
d 12 561939 73
d 120 1348689 17
d 106 646768 206
d 806607 56 826273
d 26 506613 15
d 1442109 37 1475345
d 1284961 22 1293413
d 1426185 55 1417147
d 50 1404576 58
d 15 1381681 38
d 4 962853 76
d 28 1102976 129
d 794200 20 806956
d 364112 23 329440
d 945220 8 953958
d 197 1295515 25
d 119872 6 129962
d 141 1468793 189
d 119 1048034 116
d 1449099 93 1454055
d 21 1301676 37
d 1153042 114 1106081
d 5 921785 5
d 82 152793 59
d 201655 81 282781
d 27 676873 32
d 775282 43 750774
d 24 519513 62
d 263 1423365 142
d 1052599 26 1032077
d 25 477624 26
d 15 1511830 23
d 17 841828 34
d 20 764958 33
d 656 920680 150
d 51 414262 24
d 1570698 33 1562602
d 550209 63 560263
d 37 626861 91
d 958427 1 960290
d 1415184 43 1394876
d 589919 275 643042
d 66 931310 77
d 11 548891 37
d 6 582990 13
d 19 1566209 18
d 28 1243432 27
d 1057365 23 1045397
d 33 536952 185
d 514451 109 555006
d 379715 56 427691
d 34 70342 63
d 985365 190 952793
d 15 1191704 20
d 60 846170 103
d 5818 688 260128
d 734234 13 762768
d 18 469141 2
d 204572 135 186839
d 33 209475 42
d 1 426148 5
d 72 1263096 16
d 65 674876 88
d 49 805376 83
d 89 78831 232
d 553437 113 579709
d 959781 33 980373
d 698598 137 687808
d 494446 62 513245
d 16 1445581 161
d 141 1235290 82
d 43 312426 35
d 31 890744 50
d 932084 47 934791
d 57 1007309 7
d 388 140308 30
d 37 1063590 44
d 174746 73 143094
d 78 1276336 169
d 1598013 27 1601105
d 1343832 26 1099889
d 676622 26 678564
d 79 84600 91
d 53 1221286 59
d 516617 26 534805
d 1541545 45 1549663
d 1520328 148 1431074
d 756538 40 748700
d 168172 29 163293
d 66 956625 70
d 3 1558616 5
d 65206 284 92709
d 9 706463 12
d 1031790 21 1009676
d 675888 29 675152
d 745872 54 680123
d 429139 23 420393
d 57 930554 58
d 12 221765 15
d 49 1028661 36
d 50 1358994 36
d 30 1048606 162
d 28 67150 7
d 413947 15 428072
d 1174343 41 1204690
d 32 490214 49
d 129 685809 235
d 15 159142 654
d 30 711250 28
d 43 220332 39
d 42 1093271 28
d 423643 42 464846
d 124 29870 51
d 39 340581 44
d 201396 34 192006
d 716684 93 675392
d 90 1328455 125
d 852403 47 754233
d 1334782 30 1334063
d 1101732 32 1088488
d 9 1442903 19
d 947983 44 932118
d 99 1284468 49
d 1159633 56 1143815
d 45 1392713 165
d 633674 65 657735
d 1554109 60 1554120
d 1008554 129 981409
d 20 874343 34
d 65 1176874 150
d 1223416 3 1219533
d 235310 78 257219
d 470424 58 452797
d 326603 2 385273
d 1466952 47 1509086
d 23 801519 54
d 711070 33 662506
d 7 1249082 102
d 519363 155 528252
d 104 59994 89
d 44 463153 50
d 448993 22 517352
d 10 116931 53
d 51821 65 106144
d 23 1201481 82
d 41 931844 7
d 92 30806 6
d 253215 14 232378
d 282765 74 247185
d 30 1534145 147
d 29 146602 43
d 141 1098469 188
d 950706 17 918989
d 791002 440 956394
d 27 1015039 29
d 520544 78 516695
d 1319499 99 1336557
d 80 1105637 145
d 196 1216484 517
d 68 169462 449
d 428476 77 447267
d 42 589485 16
d 1328561 25 1333546
d 565461 56 521000
d 17 194019 77
d 33 1583155 69
d 5 522532 19
d 101 1529577 35
d 5 1295345 34
d 1418 545563 249
d 34 1306045 56
d 400 1428713 348
d 346553 19 300172
d 1492141 23 1503010
d 466985 5 470902
d 69 229750 17
d 506237 43 534793
d 160363 132 177633
d 1311520 25 1349472
d 201196 29 212872
d 713928 131 672431
d 1291599 16 1281534
d 934143 481 757606
d 42 983096 178
d 174016 50 182633
d 58 577489 37
d 629370 164 672226
d 1014133 85 1024453
d 767607 357 516215
d 625211 28 628754
d 19 169499 19
d 108 991896 13
d 121 1496551 244
d 365819 26 373965
d 28 1306422 29
d 894258 5 911131
d 1313380 30 1331284
d 68 1315598 44
d 29 888955 286
d 1107795 61 1118627
d 623216 2 617408
d 26 833701 17
d 34 1118924 44
d 22 1420689 82
d 35955 73 25861
d 10 469935 79
d 33 374450 822
d 833958 26 823826
d 30 562161 24
d 139867 186 159806
d 60 479446 84
d 1436130 18 1431440
d 890800 50 816475
d 1239879 21 1233268
d 397 1022611 199
d 1559303 6 1554821
d 42 505180 78
d 13 432726 12
d 73739 21 73739
d 73319 1262 602964
d 49 1132599 114
d 270 1426586 58
d 24 7984 329
d 55 846773 8
d 12 1029748 17
d 1193969 14 1198639
d 73 32175 13
d 253119 56 237159
d 1257005 19 1257369
d 2 284029 38
d 1523751 31 1542631
d 45 1364056 35
d 13 395452 73
d 76627 154 85094
d 31 964909 28
d 340954 27 335341
d 15 48745 15
d 1300366 58 1321099
d 9 1249966 86
d 57 1304826 173
d 874399 111 830726
d 1289043 39 1267246
d 4 207059 190
d 125 1347383 122
d 161 876589 48
d 17 1075191 43
d 125 953169 157
d 888946 35 885514
d 573676 132 559255
d 83 684042 171
d 304763 17 309483
d 70 1303528 3
d 807904 217 749438
d 43 769650 41
d 34 917881 7
d 599023 27 605049
d 28 188645 41
d 148424 53 148790
d 1032037 42 1017871
d 474891 10 469397
d 1022837 51 977789
d 501 1458206 15
d 6 405561 78
d 34 50863 15
d 19 818221 1
d 41 442010 21
d 1260288 20 1259215
d 608725 52 565858
d 102 361904 53
d 882174 12 876306
d 878126 134 968565
d 92 494942 22
d 20 310616 96
d 47 565890 26
d 993631 87 1000416
d 47 589629 36
d 87 654407 55
d 65 1522122 17
d 1269538 33 1280510
d 15 638921 29
d 47 1476283 28
d 68 127925 108
d 1 1337514 5
d 236 846029 100
d 39 446771 161
d 1117958 57 1082832
d 23 364913 21
d 194129 71 166232
d 132 1236538 371
d 52613 26 41668
d 740984 39 755106
d 595382 44 578828
d 685243 76 753731
d 69 760978 16
d 697753 2 696151
d 274580 84 294725
d 1111450 21 1121606
d 1132339 668 1614699
d 26 1395164 48
d 798948 58 819331
d 92 485227 36
d 733418 77 706935
d 1530159 114 1500157
d 39 449161 45
d 1453086 12 1475240
d 180033 22 163836
d 18 17832 12
d 387801 324 572574
d 96 1476330 63
d 898088 25 920545
d 597594 7 586321
d 79 1102373 85
d 1090698 548 943853
d 29 1114935 29
d 2 1592868 42
d 157 1130506 74
d 75 929199 41
d 30942 24 35708
d 47 717363 31
d 751007 15 769660
d 9 641415 15
d 753020 85 705456
d 111 495115 82
d 272466 11 266015
d 34 1219198 35
d 1272565 4 1268818
d 1553190 74 1516115
d 20 895949 48
d 62 929775 42
d 67 352327 56
d 163 1246903 49
d 19 759697 58
d 564994 15 565373
d 852281 274 969518
d 908987 18 910911
d 291234 340 377355
d 712870 66 726501
d 21 348052 7
d 13 1292231 66
d 852619 54 848452
d 186 610873 54
d 1605026 5 1610112
d 27 1337214 49
d 1444749 76 1515447
d 545339 2128 12884
d 84 1080774 31
d 15 822206 172
d 56 1348507 12
d 48 1323385 213
d 13 1523050 11
d 1178369 27 1168982
d 68 985692 31
d 153 580889 18
d 357 1167166 203
d 1446611 49 1432623
d 888686 45 926195
d 723095 28 717647
d 29 251771 62
d 80 559511 186
d 144 1373762 86
d 11840 441 5956
d 28 829320 38
d 415546 91 426997
d 166 127992 30
d 588019 33 606493
d 1570519 21 1585841
d 450323 23 427361
d 13 445283 56
d 700199 31 712005
d 2 435386 35
d 148 1606388 83
d 84 134845 121
d 1608761 24 1587297
d 38 1027638 19
d 25 375737 50
d 1309745 2316 622272
d 16 57943 18
d 51 1294166 43
d 22 1210491 97
d 77153 58 119787
d 1072601 5 1059646
d 840771 12 824025
d 1369796 35 1359625
d 12 668109 91
d 696032 46 753856
d 1268965 27 1261895
d 173 243163 164
d 481682 83 483675
d 912378 71 915418
d 10 1087760 209
d 87 1252094 611
d 560709 7 556075
d 964908 17 978479
d 79 891103 49
d 584441 549 505778
d 1611019 43 1613924
d 61 791905 136
d 529034 73 558346
d 24 211305 7
d 1561022 52 1561021
d 37 900588 203
d 1400451 31 1446966
d 7731 45 53474
d 85 731276 48
d 689406 10 688664
d 7 1053421 24
d 58 1195909 13
d 521 1536052 23
d 306661 32 182999
d 1485655 83 1536097
d 6823 306 105221
d 39 425446 112
d 25 1214429 38
d 52 1211301 32
d 41 907657 19
d 48 2768 233
d 261965 2 239159
d 850939 44 823387
d 112070 36 113509
d 114 217411 29
d 1329063 30 1318836
d 67 171342 24
d 833323 12 849957
d 50 1164207 29
d 640651 346 787684
d 800588 152 783958
d 784187 93 746689
d 42858 13 36281
d 1612767 10 1580811
d 1502559 2 1523823
d 580297 77 557836
d 1311537 58 1351356
d 647519 87 624912
d 819864 38 811867
d 2 607282 7
d 917580 66 886401
d 154 236234 155
d 81 1134470 58
d 307372 116 358687
d 7 1177872 8
d 466399 22 447667
d 1582545 92 1547685
d 964196 31 904492
d 441245 20 436650
d 239069 214 542493
d 210 34730 90
d 48 1610526 41
d 69 830424 23
d 61 1215716 31
d 359117 165 195837
d 12 154024 51
d 432119 22 432868
d 408775 50 471704
d 75 1514835 56
d 686856 206 651858
d 11 1476848 13
d 27 213574 47
d 265 1161180 14
d 426653 537 277655
d 619748 69 662496
d 1197010 135 1252741
d 687444 235 673573
d 18 492150 30
d 857716 11 861175
d 47 1340375 82
d 53 1530809 8
d 239861 23 231967
d 1547907 166 1601945
d 73 53538 198
d 2 802596 2
d 1232915 13 1237942
d 165 237962 124
d 69 1386287 60
d 43 994982 191
d 1370019 51 1393741
d 272 1119015 16
d 375557 136 428848
d 222 517943 30
d 1494454 110 1440000
d 353041 3 352698
d 3 245924 2
d 27 1406520 15
d 16 1270086 11
d 178754 5 143996
d 34 1481810 243
d 9 928225 84
d 72 867096 20
d 1191705 140 1235532
d 48 1526650 106
d 527622 126 477391
d 77642 14 153129
d 63 302010 72
d 130 811791 10
d 36 800242 2
d 1562690 29 1567767
d 85 566839 66
d 1290872 13 1280039
d 1608469 114 1577252
d 114285 9 113946
d 450841 11 448144
d 85992 47 107508
d 33 549002 17
d 52 1496724 17
d 45 1565194 20
d 85 895841 41
d 732120 24 717018
d 1468108 86 1454028
d 113 897641 1318
d 238173 20 251489
d 851302 8 848657
d 144404 100 132658
d 1077960 41 1077964
d 623569 144 621635
d 45 674470 41
d 10 742714 58
d 17 717669 51
d 23 1508175 37
d 669152 115 736250
d 107 1528091 134
d 36 1458325 92
d 34 1593842 53
d 9 1149956 64
d 1560180 2 1535846
d 1296526 13 1290283
d 64306 27 83563
d 1478408 26 1454748
d 59 694162 92
d 5 1230813 19
d 1246402 135 1178772
d 4354 5 10352
d 83 1316199 29
d 50 712922 31
d 28 1390541 313
d 39 1592290 53
d 17 132509 18
d 107 1107137 93
d 25 547458 21
d 718438 32 717660
d 714005 20 704166
d 225736 78 203837
d 973439 37 960009
d 4 123571 25
d 584085 68 539284
d 15 272239 22
d 43 1319882 37
d 914616 18 917267
d 8 274755 38
d 353493 26 345373
d 31 857154 32
d 15 1362718 79
d 801532 46 830563
d 1007711 45 1023827
d 60 778287 209
d 97 825494 182
d 150 558639 78
d 117052 3 116388
d 391480 41 425514
d 839083 136 804600
d 26 295833 225
d 4995 72 449
d 971246 26 957086
d 1117419 169 1054587
d 315366 13 310789
d 29 184129 67
d 1400740 111 1448010
d 1257357 20 1272298
d 277 179161 223
d 1433542 7 1436652
d 814718 24 785059
d 1364844 5 1303625
d 149 1194634 51
d 11 277116 15
d 1056528 44 1068308
d 25 767534 51
d 429561 147 816596
d 68 852507 10
d 910769 218 826967
d 585255 80 562167
d 169 121309 56
d 181 632456 34
d 80 478246 180
d 4 1309835 38
d 1376893 36 1368608
d 1109897 21 1081149
d 75 1604225 150
d 236235 540 439237
d 42 1003383 16
d 48 115275 7
d 386123 51 408832
d 1304948 53 1323759
d 13 515530 9
d 1213678 20 1189593
d 127024 181 12028
d 1434476 287 1450252
d 368141 62 337969
d 70 1199797 5
d 112 98138 13
d 322 1263161 321
d 81 822274 256
d 9 314118 27
d 21 27646 27
d 875918 30 865756
d 165 181848 57
d 225 950745 47
d 29 368547 49
d 21 1216597 256
d 285885 2 287072
d 1457496 46 1483553
d 261719 166 282831
d 227113 87 246118
d 16 1097561 10
d 75 938391 25
d 514453 24 531850
d 1292996 19 1307693
d 9 816518 9
d 867866 78 787796
d 754686 64 740988
d 12 221754 11
d 53053 38 77770
d 802280 29 818297
d 8350 5 31217
d 86 1287082 95
d 129366 13 6843
d 134 1293150 37
d 55 1121247 39
d 1 846522 13
d 283 1272366 155
d 270918 35 301538
d 656757 43 662688
d 5 1138849 504
d 63 1460521 42
d 254 1435082 161
d 183185 57 208373
d 32752 164 4768
d 1049391 48 1086068
d 1069485 16 1082802
d 17 1428575 20
d 321718 29 349602
d 54 401182 739
d 1188860 49 1188871
d 35 472720 15
d 830185 23 825283
d 192 1398072 36
d 1561860 42 1551488
d 1521902 60 1501323
d 193144 27 179593
d 1204981 94 1180911
d 279092 30 266298
d 156 1108951 157
d 31 383727 113
d 1338917 40 1342709
d 1328456 96 1273074
d 173 1451285 77
d 18 1412046 65
d 69 692971 26
d 104 1461075 33
d 53 827453 63
d 139393 12 129143
d 891923 3 896833
d 329307 7 328578
d 216194 47 233507
d 422785 182 487778
d 978937 168 1050505
d 19 1589017 36
d 5 555077 22
d 79 431485 45
d 7 387263 1
d 49 1532080 15
d 45 217009 37
d 1120484 37 1120486
d 99 938184 28
d 522014 115 485680
d 1083528 61 1072171
d 371157 18 373629
d 1520482 45 1533534
d 1128812 3 1124861
d 281198 64 263907
d 1323125 44 1305446
d 1496963 61 1509849
d 61 804140 64
d 912134 84 866382
d 50 1551108 11
d 29 519747 34
d 144 632064 20
d 993886 100 1021782
d 65 16219 54
d 612936 97 614089
d 1094072 54 1113650
d 1165839 90 953262
d 14 1143188 97
d 80127 204 62946
d 95555 198 17279
d 23 338029 10
d 178753 20 160685
d 28 1321788 30
d 6 1552607 198
d 665928 39 662356
d 806936 18 776576
d 48 205503 14
d 840516 13 852123
d 344907 54 342346
d 4 290990 10
d 712767 101 751701
d 368089 111 414206
d 47 1124161 107
d 1083722 25 1111279
d 656824 51 624960
d 1259943 44 1258839
d 288024 131 292481
d 33 779529 9
d 117 1072709 9
d 25 763115 10
d 1596218 41 1600358
d 610486 128 648242
d 13 942796 22
d 33 1612214 43
d 18 1023608 129
d 1300737 32 1310672
d 212 1067059 152
d 769122 91 815483
d 840922 17 842899
d 27 506645 1308
d 1109698 127 1090370
d 1224 1603891 12
d 24 1131062 30
d 36 1140219 23
d 12 915901 163
d 14419 18 104269
d 366794 52 381767
d 1105381 65 876335
d 188251 17 198736
d 240446 82 237857
d 5649 35 5668
d 15 1453375 25
d 928991 48 942713
d 1486605 31 1485515
d 25 1551885 5
d 1406902 151 1325224
d 1359380 124 1442196
d 1543582 50 1571578
d 155 1226017 124
d 1395253 26 1377535
d 1148043 25 1119972
d 16 223300 71
d 841540 20 850026
d 471900 72 549587
d 117 646685 114
d 1184661 155 1194520
d 29 1304074 508
d 1576204 37 1500470
d 716822 23 637857
d 2 981587 5
d 332736 64 368201
d 14 171917 65
d 1350228 80 1346519
d 93 1330457 173
d 907447 50 943830
d 1575488 2 1581107
d 173 721229 69
d 1512057 64 1557088
d 98 708723 181
d 541358 33 558768
d 15 753468 26
d 45 1466513 198
d 1114922 18 1177257
d 1 794985 1
d 657308 38 703540
d 473386 2 473753
d 102 318987 102
d 245245 45 219386
d 946125 27 952207
d 252933 1 238102
d 1315550 10 1302924
d 745559 32 760828
d 765638 134 668697
d 1334330 34 1362047
d 5 1242724 56
d 1524516 99 1564803
d 8 1317884 83
d 1236253 43 1254792
d 66 701673 80
d 1525806 64 1491964
d 24 767113 34
d 98 1038589 78
d 888709 132 849639
d 172 1040825 169
d 429437 57 411365
d 9 837435 9
d 584695 20 583526
d 15 109695 15
d 33 669225 107
d 60 252998 15
d 7 966482 321
d 1462389 141 1531552
d 694549 67 744085
d 10 814214 26
d 26 209717 13
d 97 879208 3
d 71 1567703 47
d 567187 12 577510
d 13 1279188 26
d 129 168522 124
d 470561 54 465446
d 122 1449904 121
d 369 940466 159
d 1132380 91 1186799
d 1141984 22 1142396
d 1440880 17 1448549
d 7 503634 176
d 1540232 300 1492448
d 29 1232841 75
d 10 516559 72
d 9 68311 31
d 2 463636 5
d 459642 11 450510
d 88 784108 320
d 108 328392 32
d 20 759728 64
d 15 482942 12
d 1109201 37 1064869
d 1275199 78 1281713
d 154 919994 12
d 156782 899 561971
d 1601923 27 1595767
d 629787 8 651924
d 327001 97 359719
d 32 1364447 2
d 16 270275 24
d 116942 54 107951
d 160719 49 171266
d 16 488774 23
d 333006 21 330018
d 14 931489 14
d 39 1594400 34
d 79 915307 176
d 87 47245 63
d 83 1370254 185
d 105377 115 127045
d 1584711 50 1575206
d 25 1536657 234
d 219752 10 242994
d 1511997 48 1554484
d 54 775067 28
d 5 1132244 2
d 1363804 85 1361213
d 1490776 19 1480306
d 7 1399876 168
d 473369 10 461526
d 1267181 14 1242880
d 43 1289333 11
d 14 517274 52
d 26 136247 11
d 44687 55 75006
d 4 1497038 7
d 432959 19 440557
d 1250040 133 1159512
d 25 1516111 67
d 79 1311486 18
d 31 1495810 46
d 1262335 22 1296678
d 1040562 63 1028185
d 72718 40 43362
d 55 761512 49
d 1608987 156 1489215
d 83 597491 12
d 125 726420 49
d 1411331 103 1415856
d 76047 207 62030
d 791543 26 790731
d 1015205 774 1363620
d 274 1244096 197
d 27 221656 37
d 288 57549 144
d 4 456910 32
d 1043015 13 1032833
d 1321040 18 1307924
d 863052 3 886769
d 90 1399033 67
d 1427010 245 1397633
d 237 241030 90
d 29 207297 44
d 191656 8 196880
d 1119023 12 1148998
d 17 175991 5
d 23 527200 1
d 202662 52 202664
d 86 788533 35
d 31 580751 29
d 12 776835 12
d 704804 31 708717
d 537 402791 440
d 38 1054841 42
d 964730 3 969188
d 209158 68 215670
d 45 725215 79
d 6 967586 44
d 1306368 100 1275472
d 243 1395421 102
d 99 173327 18
d 675321 128 677618
d 62 1171037 38
d 68 1434624 25
d 12 1453258 20
d 45 1288421 81
d 268522 196 170318
d 73 988451 51
d 193 505207 29
d 614718 15 606948
d 10 598583 10
d 173349 82 189610
d 214521 56 215599
d 208 1191785 21
d 977490 36 1001449
d 415883 65 428520
d 877910 51 881045
d 23 115581 25
d 1021769 32 996852
d 25 1212363 50
d 9 99038 3
d 517592 90 452743
d 35 614456 93
d 138 711922 19
d 932380 20 929713
d 65 383181 13
d 79 1055373 33
d 27 349369 50
d 1101218 223 1161660
d 629405 40 615403
d 1306604 26 1295795
d 388227 227 279927
d 1003736 31 1017138
d 17 120568 4
d 11 1162793 58
d 1337807 4 1330637
d 150 1410105 22
d 331445 200 208755
d 23 1122029 96
d 23 73314 41
d 63 471878 22
d 87 831095 41
d 418937 130 437674
d 1247335 35 1252763
d 15 398707 80
d 41 866998 137
d 980345 31 930646
d 1154434 61 1167830
d 48 529776 47
d 815587 60 784762
d 14 767899 256
d 224535 64 186000
d 515 207125 296
d 78 423178 60
d 811791 28 825594
d 334348 28 338064
d 1591225 53 1525356
d 115106 14 117233
d 34 784559 21
d 20 1125261 87
d 354105 60 398417
d 6 251913 27
d 39 533896 34
d 82 668502 8
d 177 1140950 18
d 686904 13 735487
d 3 463166 2
d 158 1424368 22
d 15 724949 10
d 112989 2 114510
d 1071588 118 1113573
d 23 139280 23
d 70785 235 7129
d 426 933952 130
d 2 1582640 85
d 84 652609 42
d 114 34834 76
d 1187143 94 1232662
d 63 1253334 59
d 7 1282742 6
d 23 277239 42
d 83 1279026 36
d 26 1459678 11
d 41 269092 46
d 84447 18 82296
d 28 921728 9
d 264038 10 263647
d 107 1248309 24
d 34 845024 26
d 47 1469675 20
d 409794 74 343677
d 28 820222 40
d 1179582 80 1165942
d 436007 20 422692
d 28 1054844 25
d 95628 31 80450
d 163 732250 36
d 46 95589 13
d 480028 32 472552
d 706239 21 710962
d 2 417149 30
d 42 1037540 116
d 54 1009592 17
d 287996 73 277970
d 19 301252 49
d 41 1283722 29
d 363 321148 41
d 731888 127 816317
d 1119186 64 1108709
d 502086 12 510928
d 40 1382638 14
d 196917 313 134176
d 964897 36 955921
d 649100 2 650640
d 41 1493636 87
d 23 790936 26
d 1011255 9 1000896
d 82 614172 32
d 982663 29 993825
d 542247 23 539218
d 921305 24 918351
d 606963 21 590833
d 85 484896 63
d 458329 51 484103
d 109 1573114 24
d 796724 39 789229
d 828432 36 816215
d 53 395985 25
d 1567551 17 1598443
d 166 3745 184
d 174163 49 188900
d 1298617 16 1306267
d 652449 160 462827
d 5 679664 33
d 828164 74 839931
d 65 534979 11
d 108 414973 76
d 25 1396966 71
d 221304 122 275316
d 155 1166572 180
d 961125 46 971534
d 11 1395189 17
d 112 1376852 84
d 141927 28 122667
d 265962 26 254504
d 292459 78 277148
d 1291047 55 1309155
d 999187 8 993546
d 47 238003 9
d 156770 98 124113
d 35 666490 99
d 465868 352 614949
d 1422684 89 1372159
d 510302 20 507614
d 36 1607112 153
d 183 410193 32
d 224 98913 23
d 683201 26 701833
d 601604 48 617678
d 428706 85 414164
d 303994 30 316823
d 423524 8 417371
d 248787 59 264051
d 44031 16 44033
d 1228415 28 1213498
d 12 1012789 15
d 5 1007639 69
d 1024906 40 1020644
d 1419673 20 1465962
d 22 1148864 8
d 37 1029887 43
d 1017801 77 1001410
d 17 1581813 103
d 54 930890 63
d 39917 91 22873
d 57 1457781 28
d 135 1249670 8
d 536079 54 456672
d 4 1578156 72
d 1156731 34 1174071
d 36 734795 12
d 228759 30 224586
d 19 1212405 38
d 1044406 23 1059407
d 53 1384818 35
d 1451524 22 1435020
d 705534 33 703969
d 165 405010 10
d 48 610591 5
d 20 1355849 32
d 9 548995 37
d 3 418991 94
d 56 472618 22
d 10 821529 36
d 675706 30 634515
d 983683 403 944597
d 54 253080 54
d 402562 46 394490
d 7 805982 549
d 726416 323 534306
d 33 402571 17
d 85 1339336 58
d 57 304603 82
d 1471986 23 1480999
d 15 946007 14
d 3 370884 9
d 171 94536 492
d 132 567552 26
d 82 34813 127
d 545062 132 489941
d 21 240278 16
d 12432 18 37443
d 969944 273 963600
d 315787 67 353328
d 920717 297 1065268
d 5 1385778 2
d 92 489881 92
d 1144481 22 1129183
d 1177762 354 1237224
d 3249 48 1329
d 58 904870 13
d 854722 34 798019
d 39 349162 76
d 728188 223 723144
d 522999 192 638799
d 759451 60 762563
d 5 66220 5
d 40 442367 61
d 33 963744 126
d 26 593962 69
d 1167571 47 1203001
d 75 853396 166
d 47 1518570 35
d 297678 7 317967
d 646139 54 723931
d 1134690 39 1113219
d 244510 15 246838
d 305367 37 297865
d 350979 13 338822
d 1122207 68 1150262
d 1557803 21 1529981
d 556385 98 500754
d 58 889561 633
d 36 641016 35
d 26 582588 112
d 1373938 68 1360847
d 620058 16 746914
d 1097804 42 1080380
d 22 1124054 111
d 1578236 29 1565952
d 189 1607060 44
d 821123 66 812676
d 25 218622 111
d 1067765 29 1037693
d 566128 37 560962
d 94 1280739 6
d 66 69526 172
d 57 1153385 48
d 61 1336813 27
d 18035 336 5841
d 1366285 76 1403576
d 24 740084 16
d 13 1218518 12
d 1436939 16 1415201
d 496025 29 506400
d 1209027 63 1238788
d 77 841769 81
d 1433303 34 1433308
d 510110 31 478427
d 204 1163491 31
d 165 1454475 56
d 21 1397653 80
d 40 450255 38
d 49 858082 34
d 106 544311 31
d 196 59717 14
d 17 1499190 62
d 37296 169 80640
d 690946 17 694405
d 116731 48 58662
d 6195 29 40265
d 38 967854 188
d 42 642689 50
d 1593131 17 1594115
d 311126 33 322629
d 183221 3 183222
d 108 839621 184
d 875890 130 963878
d 751742 16 634982
d 94 1458812 44
d 19 1324102 28
d 22 748960 15
d 1480627 135 1543675
d 5 717234 6
d 21 405493 51
d 28 581920 47
d 43553 118 38677
d 13 94868 42
d 989024 85 1026762
d 387954 33 356435
d 887184 21 900073
d 1563594 8 1565425
d 629659 63 638189
d 80389 5 4872
d 1386578 160 1355408
d 521344 197 523610
d 35454 19 41389
d 1594238 61 1559434
d 116 177371 29
d 10 588138 53
d 925261 46 914756
d 752620 28 759668
d 1542378 310 1368419
d 1007776 42 1004681
d 1154 47110 141
d 453845 7 450306
d 38 723241 64
d 62 954200 153
d 1609214 21 1596682
d 51 1034767 117
d 172 276248 137
d 165 1098183 31
d 38 462559 41
d 734529 14 714375
d 29 60479 93
d 760438 18 742011
d 1004785 39 1039858
d 89 1160701 132
d 23 925902 20
d 1007802 74 987777
d 26 406086 104
d 3 156659 9
d 91 389733 267
d 19 44501 8
d 23 769843 24
d 192 172022 40
d 116 1556299 64
d 42 701384 20
d 587429 22 596370
d 876718 10 850000
d 18 933523 23
d 12 153086 18
d 28 1139377 109
d 95 1449265 114
d 312 282982 88
d 590565 53 568482
d 1182919 327 1049807
d 71 819984 151
d 847768 103 839944
d 45 1484176 45
d 3 1507116 139
d 1497751 100 1496591
d 24 1448201 31
d 31 777454 54
d 73926 116 115422
d 92 1609781 68
d 389711 69 321918
d 1 963296 1
d 285 1008899 344
d 1220773 19 1220382
d 139 522214 11
d 162 790622 30
d 15 193005 42
d 14 258935 32
d 10 565980 19
d 15 1502194 17
d 36 1348551 190
d 71 437084 7
d 37 653902 33
d 6 772763 15
d 21 684211 3
d 284720 87 279929
d 27 126074 25
d 1511 12543 156
d 77 1284730 112
d 83 417692 111
d 738033 17 728360
d 668944 125 586669
d 192 183387 26
d 556 1300950 76
d 21 457451 25
d 14 207628 45
d 23 1242816 24
d 33 1201038 91
d 25 240050 33
d 363567 12 353845
d 51400 4 47161
d 31 1465853 184
d 27 240927 236
d 10 1182557 12
d 1076927 150 1072012
d 17 1327077 125
d 1085400 17 1074713
d 64 317923 37
d 20 688518 158
d 285314 54 357659
d 91 475718 97
d 54 1293726 133
d 434 94453 41
d 18 952402 159
d 25 736219 13
d 59 1518071 27
d 14 356588 29
d 1085841 35 1097109
d 155 1386232 142
d 12 1074637 11
d 61 707455 126
d 31 1117219 79
d 74 309892 38
d 237143 6 235992
d 5 87277 265
d 45 1171639 135
d 135055 67 117721
d 74 904040 29
d 144 1089858 50
d 1544040 42 1515047
d 45 1142680 21
d 773239 105 847862
d 647432 80 680442
d 1245211 1648 963567
d 57 24868 93
d 1462390 4 1467152
d 1236741 8 1238299
d 58 126124 55
d 615678 73 636604
d 142957 9 131899
d 705027 15 708171
d 1221304 119 1273944
d 1256024 6 1254536
d 354056 53 333663
d 1060058 46 1064952
d 29 864710 58
d 43 138180 147
d 1574241 38 1552498
d 679186 34 700054
d 1097365 43 1085318
d 27 398912 50
d 1259794 45 1250829
d 22 766083 63
d 64 1390136 157
d 333788 355 554747
d 343711 55 348572
d 17 398793 16
d 69211 63 103259
d 1554906 4 1555983
d 129 820661 87
d 167 73334 83
d 557928 75 521316
d 203623 13 199038
d 262051 313 243398
d 7 470124 3
d 1584337 105 1537409
d 79092 4 80154
d 157 927326 54
d 193 1581115 29
d 1443084 9 1463402
d 1565577 12 1597582
d 58 1491547 16
d 370 823901 92
d 7 576306 182
d 60 1496773 146
d 3 1527110 212
d 235432 54 207524
d 450045 248 443557
d 52504 33 25552
d 2 1527300 61
d 1093192 163 1169167
d 647396 9 631057
d 194 1183632 22
d 37 223915 37
d 4 1237383 80
d 46 338273 13
d 29 1472188 13
d 548911 8 523126
d 41 1212922 18
d 4 544123 31
d 591625 30 596324
d 178 1229611 221
d 2 1169050 111
d 405360 77 423463
d 792012 60 769276
d 1465069 20 1463570
d 1558846 44 1535315
d 711703 165 737812
d 480538 143 473441
d 83 356701 56
d 871038 63 875582
d 355656 148 323625
d 94 1371384 36
d 434047 6 435166
d 14 1384944 370
d 652865 95 578645
d 48 120965 44
d 131239 35 118963
d 1351659 10 1344256
d 14 419226 28
d 1159511 32 1160678
d 10 1120301 18
d 1364988 79 1389789
d 130 1376627 80
d 14 1023845 13
d 3 195615 30
d 36 862161 37
d 45 1364406 26
d 161 197196 370
d 557977 77 606841
d 975912 31 965674
d 271269 36 257423
d 97 282653 11
d 267354 481 455019
d 39 1608865 148
d 20 663361 32
d 63115 54 65331
d 1228277 13 1242391
d 151 1294748 32
d 386799 62 378016
d 22 311593 18
d 40 1531022 133
d 15 851625 26
d 42 1222911 88
d 93 1361450 33
d 38 1031569 50
d 2 916145 13
d 81 88535 3
d 816248 47 875130
d 11 270412 25
d 33 348555 33
d 85 119435 202
d 43 1594895 44
d 18 815635 76
d 35 776887 39
d 910204 64 955075
d 39 1088446 110
d 119 847693 23
d 77 135204 11
d 126 844535 66
d 1380811 94 1190119
d 872501 33 893494
d 31 135629 32
d 270741 14 251317
d 763974 72 730331
d 50 977125 35
d 42 1107033 21
d 774785 37 798351
d 27 547141 69
d 351 1505586 69
d 817784 16 822787
d 89 414496 530
d 28 923910 32
d 18 608250 4
d 12 670563 1
d 51 1235517 315
d 277840 32 229763
d 28 638215 8
d 1257218 75 1312308
d 302 954509 62
d 708591 3 712495
d 46 1499802 40
d 224357 112 214146
d 72654 86 36717
d 33 540091 17
d 51 677913 25
d 1287396 36 1322891
d 50 1320549 15
d 9 209911 14
d 49 1095402 35
d 37 180408 45
d 42 293967 57
d 4148 15 9309
d 825096 117 807743
d 1554214 17 1552708
d 106 237595 36
d 96 1020713 38
d 23 808327 31
d 195821 127 204112
d 56 1500325 24
d 24 501241 35
d 1043131 69 1194137
d 11 298018 3
d 1 1311037 30
d 38 1158693 17
d 1352362 144 1464246
d 55 1337757 87
d 762016 97 795963
d 1005112 34 1016224
d 72 769308 206
d 575663 34 575291
d 560518 189 619112
d 37 1006879 47
d 165385 5 165386
d 1170548 28 1152069
d 58 1065579 66
d 16 176451 21
d 99 1461675 13
d 868616 22 873116
d 797085 35 852691
d 448864 61 465676
d 9 327654 9
d 33 1605124 5
d 778913 302 757886
d 1323135 68 1368631
d 412649 367 541930
d 572787 1 572003
d 59 621487 28
d 677127 62 685308
d 1249 1323665 43
d 685097 44 645143
d 506942 6 499564
d 85 1255970 56
d 1095398 35 1095798
d 4 778315 28
d 6 711750 166
d 57 545541 35
d 1403055 59 1433787
d 10 818012 14
d 26 982955 25
d 1565253 22 1564153
d 1359596 21 1363721
d 32 1232917 97
d 288210 32 273988
d 73 1248988 51
d 2 601730 3
d 462252 112 469410
d 30 858917 23
d 215 1352916 115
d 306436 7 304863
d 1565511 116 1612248
d 63 373455 19
d 94 1240576 47
d 7 1438568 7
d 2 292067 33
d 95 973392 29
d 1476983 72 1430971
d 992264 212 1073017
d 114 1498404 98
d 1548342 50 1604243
d 30 133072 36
d 82 1217886 19
d 56 189191 19
d 56 1055446 62
d 1301387 13 1357491
d 18 484678 26
d 10 715557 79
d 24 1011135 53
d 112974 7 110179
d 1500285 14 1491671
d 68 918931 51
d 195 578399 117
d 100716 25 99273
d 7 473592 20
d 20 775502 45
d 140929 50 125942
d 17 995982 16
d 525176 65 551343
d 489776 42 517882
d 626103 37 608222
d 97 622793 34
d 29 1176479 67
d 13 825233 30
d 126 335919 9
d 103353 84 76639
d 334675 82 355417
d 19 1554114 30
d 65 1542191 34
d 49 821070 354
d 114 970545 9
d 9078 4 23136
d 524 992453 148
d 1127265 8 1128833
d 20 1404887 9
d 34 965185 16
d 1552234 65 1583840
d 1402882 55 1391931
d 56 1181610 33
d 6 756900 39
d 7 793377 163
d 1096740 130 1096725
d 114 399050 59
d 73 1410298 60
d 110789 80 87093
d 819128 39 802354
d 235 477728 7
d 870543 46 903751
d 67 1142309 36
d 23 152442 22
d 31 58819 102
d 31 1145336 25
d 1036936 18 1026719
d 982627 114 1047757
d 1607421 814 1613401
d 9 1208175 193
d 837773 40 865188
d 979 74578 169
d 1308930 30 1305147
d 46 354776 139
d 74 1197131 117
d 991865 32 1070630
d 231906 9 227145
d 538463 10 538466
d 905945 46 872352
d 1414813 110 1387274
d 1289682 8 1247957
d 300851 6 301966
d 782338 13 785137
d 292 417470 366
d 53375 33 40983
d 42 1333236 30
d 1481305 12 1483621
d 1467594 95 1511466
d 30 315749 5
d 253966 160 271131
d 49 704541 38
d 887131 57 908844
d 89 1374921 72
d 1236782 22 1310287
d 33 1341464 33
d 2 1605454 5
d 39 363243 85
d 53 1420244 120
d 61727 551 8044
d 38 978411 57
d 1493956 378 1612069
d 35 406454 46
d 835678 103 803024
d 56 1480046 39
d 165644 414 77352
d 977441 209 960580
d 130 1062712 60
d 1596723 8 1596378
d 9 1038201 25
d 860537 26 871976
d 348260 53 340376
d 691790 12 687578
d 511405 25 491757
d 693715 157 604930
d 16 814596 11
d 800635 19 798686
d 35 1325346 40
d 14 285118 118
d 1141364 37 1123638
d 25 427403 28
d 71128 51 89887
d 300308 33 298468
d 59 174581 25
d 72 874976 18
d 51 655335 33
d 651747 17 613709
d 37 1034512 43
d 24 1570804 132
d 13 1609060 161
d 144552 16 151578
d 25 514043 59
d 119 1298208 77
d 402077 11 412092
d 19 493729 41
d 557960 15 554481
d 824134 56 838847
d 158 621312 22
d 1105475 29 1122823
d 30 1111474 43
d 1281652 23 1267251
d 828687 21 825720
d 681216 26 685937
d 840643 87 860638
d 962779 74 971290
d 440734 194 339868
d 30 594911 27
d 97 438396 335
d 537896 18 545280
d 380440 107 426856
d 195 1097963 21
d 510812 8 513115
d 932493 17 986277
d 636881 1 629521
d 23 932325 122
d 4 363386 9
d 1610130 14 1568350
d 43 1465032 63
d 212 182341 412
d 954752 470 863326
d 1149464 40 1145287
d 1362021 57 1379707
d 1352629 48 1339644
d 33 1294225 24
d 1512632 20 1504726
d 86 426079 10
d 1192546 125 1263489
d 44 215792 25
d 69025 19 79579
d 1468798 46 1439038
d 1400693 27 1401419
d 693519 41 666934
d 21 254723 20
d 1064300 47 1048548
d 1149954 111 1153469
d 323633 40 324015
d 107 384066 73
d 51 155917 94
d 92 1152904 26
d 69 851169 71
d 783485 69 793837
d 1325982 13 1310627
d 312 1562481 53
d 821429 17 809126
d 490986 88 483984
d 102653 204 155517
d 619390 159 576671
d 733 1332918 116
d 49 138261 48
d 639558 4 626294
d 618911 134 542873
d 479058 38 442399
d 80 607872 81
d 172 80303 317
d 837008 26 805944
d 1350580 14 1361043
d 12 1610694 10
d 31 200845 100
d 610977 21 592132
d 87849 43 84224
d 117 896315 11
d 117 526782 5
d 35 780704 38
d 814533 22 845630
d 34 1104993 26
d 43 297547 157
d 788748 62 794978
d 25 432660 21
d 123 1231649 13
d 401550 126 332992
d 661254 18 664442
d 76 871257 54
d 106 179431 12
d 3 321903 43
d 285615 48 254709
d 253013 3 253384
d 52 1513809 40
d 1054733 96 1057425
d 345576 79 378695
d 32 850062 32
d 162 324470 173
d 140 468488 26
d 46 577410 141
d 606440 52 601610
d 930208 31 950651
d 1038498 69 1037407
d 1184851 35 1168413
d 1232956 45 1226890
d 15 780559 32
d 1460107 25 1459759
d 1115387 5 1118023
d 334193 90 364331
d 167 652862 59
d 420 1001006 204
d 34 270892 92
d 921259 20 918668
d 577796 125 573996
d 613378 191 639791
d 2034 554038 12
d 81 1503566 42
d 71 160147 73
d 43 529193 7
d 626003 82 581287
d 40 170224 97
d 37805 81 20823
d 84 1428654 101
d 84 349792 425
d 17 1168289 2
d 6 52468 23
d 14 778610 79
d 1597889 59 1564450
d 89 593705 1004
d 203429 18 197733
d 993134 8 1001450
d 474 1051557 28
d 10423 8 238851
d 95 1018167 60
d 40 1246257 50
d 151 159670 166
d 52 960648 60
d 916430 28 916791
d 276316 21 285270
d 1376996 9 1367980
d 344 587301 14
d 18 1458038 21
d 29 590178 74
d 1489475 31 1483150
d 1602399 82 1608554
d 1398577 36 1426843
d 86 725334 41
d 40 884554 98
d 1009375 20 1012033
d 749314 25 754408
d 41 94407 29
d 25 437457 12
d 317878 43 333856
d 199 1384991 50
d 56 413973 425
d 26 1395070 125
d 16 1310191 21
d 913008 60 904495
d 32 39262 28
d 88 1213671 54
d 942566 24 937698
d 17 163558 15
d 110 167880 52
d 1093106 62 1110057
d 727008 18 737917
d 141 549743 60
d 776605 39 783004
d 106 1350447 91
d 86 1101216 80
d 18 40157 4
d 18 1190729 20
d 21 1028021 72
d 1176552 16 1230344
d 20 532412 48
d 118 1590850 125
d 1497638 26 1511553
d 57 613324 48
d 1604142 32 1592009
d 76 1333967 63
d 12 352884 13
d 1179001 296 936605
d 38 190583 74
d 30 18251 50
d 1445373 39 1422738
d 28 1225922 21
d 41 913711 26
d 1328587 5 1320666
d 118981 167 80302
d 20 1569703 94
d 405890 64 407817
d 1612730 10 1611910
d 1533059 43 1552784
d 15 511486 22
d 41 1144001 25
d 186279 114 41782
d 211 703722 69
d 381015 6 384826
d 88 1503394 112
d 560330 7 556074
d 536 52076 7
d 184 1105407 114
d 34 656798 10
d 1511430 61 1524672
d 79 723570 88
d 1237891 84 1264607
d 1297708 18 1319668
d 46 973415 22
d 34 47920 31
d 27 736378 16
d 24 1291196 11
d 13 5749 247
d 6300 368 138184
d 387 548559 14
d 13 1580372 6
d 1194143 37 1173271
d 202887 1 203238
d 608270 96 614128
d 532366 16 572676
d 1258142 8 1245214
d 32 980137 13
d 14 155991 18
d 1314037 41 1331590
d 1536816 9 1533958
d 78 97232 26
d 65 1105009 457
d 301504 8 300336
d 14 1592134 5
d 232 317435 117
d 1068044 44 1089292
d 18 993204 18
d 339691 280 250783
d 31 69285 134
d 1316656 53 1269729
d 17 1505674 56
d 75586 11 75929
d 319 1248729 61
d 108854 38 90219
d 1108714 16 1116561
d 279 1113269 15
d 22 914733 39
d 7 1211420 34
d 135 937136 112
d 3306 37 3760
d 89 488585 48
d 568020 24 577540
d 821194 7 821574
d 782821 61 796039
d 53 261720 31
d 374813 119 415114
d 99830 27 119331
d 491977 20 489234
d 7 181385 28
d 738269 107 735114
d 27 340173 32
d 65 1395307 27
d 25 1156799 73
d 1272181 23 1284937
d 89 1071934 42
d 197559 15 206249
d 1352 387812 238
d 272827 53 305338
d 4647 107 4855
d 1610887 7 1613809
d 12 1225058 22
d 17 1607535 11
d 892035 16 892041
d 17 1223942 7
d 37 418338 446
d 941687 66 940935
d 196945 3 119404
d 1 247478 1
d 283 309289 4
d 40 581981 38
d 403648 51 373097
d 120 209087 31
d 37648 312 27521
d 3 51921 36
d 82 651647 66
d 679450 16 663542
d 17 351213 14
d 90 553532 62
d 1240470 49 1212869
d 866155 40 890128
d 629668 22 623787
d 1240498 76 1262994
d 58 349770 53
d 90 1144615 21
d 26 266022 96
d 265051 163 305120
d 49 769138 41
d 18 713306 19
d 350022 72 362498
d 5 1595236 36
d 1197205 105 1202780
d 1345334 96 1391427
d 476460 216 674452
d 34 581045 86
d 1514504 12 1515908
d 1003124 117 927899
d 1053557 32 1102171
d 179 750847 31
d 15 34023 62
d 11 868656 15
d 8 1441034 39
d 982949 89 1027400
d 479289 38 495206
d 7 627271 23
d 46 1584260 13
d 30 1253789 72
d 32 664007 24
d 48 142743 71
d 1534535 6 1537064
d 733909 151 700016
d 1108040 130 1129711
d 1 778502 18
d 10 553586 18
d 19105 41 28057
d 593900 38 575196
d 899300 2704 18393
d 957 1048324 45
d 1088740 54 1081170
d 213079 26 201813
d 325077 63 325087
d 12 643334 115
d 14 129654 108
d 252370 38 256475
d 42 126981 35
d 19724 122 22786
d 91397 47 98804
d 959090 48 927723
d 14 383329 29
d 215645 32 200171
d 268705 20 267951
d 33 99689 30
d 317695 12 311589
d 270 664689 51
d 105 704940 137
d 32 457289 8
d 44 434370 113
d 352047 161 418978
d 53 437824 48
d 148 400857 66
d 207 25906 94
d 1 989491 69
d 398640 94 365189
d 1106511 344 1211392
d 1312095 32 1335747
d 72 945700 101
d 48 659941 63
d 1131016 133 1170156
d 25 987904 34
d 76 66342 82
d 1522939 79 1527849
d 741773 40 722799
d 1331337 84 1317617
d 1167686 38 1195563
d 522273 46 530662
d 319 1302265 105
d 73 1419421 107
d 657121 50 734902
d 1480113 87 1480472
d 50 77110 47
d 422840 62 441902
d 49 868499 38
d 1478454 2 1585716
d 1509154 275 1567740
d 92 89584 45
d 386750 53 417529
d 866239 199 837577
d 878700 28 892841
d 1367674 7 1372145
d 51 1050123 82
d 21 720048 8
d 29 1375656 27
d 31 534125 44
d 1211842 76 1224313
d 29 443720 7
d 12 7928 83
d 24 1183410 38
d 12 533414 31
d 386645 37 400650
d 1551202 33 1553378
d 497833 69 471381
d 1201572 15 1177099
d 573494 71 589077
d 1186427 6 1161568
d 44 312816 245
d 52 359499 50
d 259 682628 65
d 586376 26 601522
d 40 1357173 14
d 898263 287 948288
d 51512 38 45899
d 94 717244 51
d 52 1240732 82
d 49 601242 77
d 38 61013 20
d 1013045 23 1008436
d 755 1244302 27
d 794177 163 752875
d 1246811 50 1264993
d 757507 35 782566
d 1005600 84 972830
d 39 1170311 51
d 1135723 20 1128483
d 3 66359 4
d 147 801590 25
d 1230352 15 1219073
d 532471 42 557606
d 19 666400 29
d 50 1140011 16
d 92 1574153 84
d 2 827126 36
d 1039 67 48033
d 83 1095179 93
d 564220 22 569371
d 22 1476859 20
d 1144447 95 1124820
d 538522 29 645574
d 20564 36 89839
d 37 419033 27
d 24 719394 85
d 20 51052 126
d 1430938 3 1422617
d 17 1436150 42
d 1233838 62 1219075
d 880717 22 872238
d 786985 34 774940
d 239 1300691 86
d 1119004 170 1010823
d 70 897864 346
d 1263331 23 1166932
d 60 177828 132
d 26 1152483 124
d 81 8233 27
d 329483 128 345954
d 1400612 5 1405914
d 1597507 82 1572142
d 1414536 48 1380636
d 21 383778 339
d 34 184834 26
d 1414895 10 1417985
d 142 1090572 48
d 1029495 13 1011518
d 60 696009 109
d 15 1394187 5
d 37 825945 2
d 1282239 134 1224651
d 40467 26 39443
d 327274 16 351681
d 43 332806 85
d 24 165942 9
d 853778 115 785493
d 52 760346 105
d 443 1254891 384
d 686738 59 689422
d 17 534180 26
d 12 332902 26
d 76 696545 85
d 48484 57 16494
d 44 1004945 38
d 1545395 45 1527723
d 50 531359 46
d 14 50307 5
d 1244967 54 1233345
d 69 927628 126
d 311246 79 67066
d 940659 35 881764
d 182596 11 177771
d 716178 41 707489
d 139 618437 46
d 8329 62 29709
d 1499787 37 1481777
d 582217 35 652957
d 1013230 87 981072
d 1560805 161 1538011
d 434188 50 400888
d 40 1550186 27
d 79097 93 50175
d 1456304 7 1464485
d 922402 155 946237
d 333045 16 345775
d 1031905 103 991596
d 466680 43 503197
d 76 959022 60
d 766331 27 744670
d 5 1361585 15
d 45 1171595 82
d 52 608183 14
d 304410 20 160546
d 47 1064661 58
d 635850 14 632359
d 127 1324788 49
d 29 1233920 95
d 1363975 107 1361032
d 1080300 10 1072777
d 1322094 83 1331610
d 493424 33 516416
d 38 551503 32
d 607096 46 632280
d 104 1375382 3
d 69 463777 280
d 15 797795 36
d 97 285296 135
d 558023 71 467927
d 71514 68 92117
d 1447342 20 1450773
d 7 1017576 5
d 52 1406658 7
d 87882 48 102865
d 41 979240 35
d 5978 273 111298
d 690820 17 700129
d 97 272008 34
d 211 961356 185
d 25 992341 19
d 581161 232 647270
d 1485544 33 1477156
d 26 1379303 23
d 39 911776 23
d 179 1564652 73
d 558804 3 563555
d 191372 26 196948
d 36 98287 39
d 74149 29 57576
d 1321873 42 1322221
d 915637 147 887856
d 21 1075559 71
d 62 706759 112
d 448334 9 454163
d 10 422408 22
d 749926 52 780491
d 124 157377 106
d 133 1440313 53
d 12 1217283 86
d 403238 35 401428
d 337 978641 82
d 70 121207 64
d 179 201262 50
d 560083 27 554291
d 729133 70 698211
d 23841 15 37460
d 1316689 577 1150145
d 1041888 134 1090214
d 51 1578082 36
d 1157597 203 1183241
d 173740 17 176405
d 16 433705 12
d 37 1539846 93
d 90 300545 62
d 742004 8 755362
d 1077424 65 1106252
d 9 753011 23
d 32 1504662 29
d 42 649527 9
d 82 1145622 56
d 71 1173930 32
d 100 572364 64
d 36 1033829 48
d 1018112 944 1381627
d 1378859 26 1366028
d 429661 8 429665
d 2485 1500081 75
d 596628 153 569098
d 1309709 73 1292283
d 128 138459 19
d 31 488173 33
d 811339 14 821364
d 156 1095952 169
d 478596 34 445833
d 869708 17 878441
d 47 1074824 73
d 9 594334 11
d 1445866 21 1440884
d 303 124600 25
d 46 227600 33
d 92 465857 31
d 1477072 26 1477071
d 33 1147529 60
d 196496 39 198326
d 781285 102 798791
d 610212 115 592914
d 17 1538290 18
d 1609835 36 1609836
d 115 482884 72
d 12 1329200 57
d 111 322507 107
d 69 922910 37
d 30 50774 45
d 28 1497307 32
d 34 993205 21
d 55 923238 10
d 615977 30 647508
d 39 329580 69
d 44 1173337 20
d 21 119987 44
d 376343 24 349625
d 370 788052 45
d 781758 28 793751
d 680073 57 652036
d 13 486622 16
d 134 1066529 50
d 711993 46 689387
d 50 1034054 15
d 77 1480987 94
d 968908 6 968909
d 808411 31 757872
d 361204 15 335577
d 130761 43 98981
d 27 548626 14
d 8 101739 17
d 138580 38 6933
d 1247835 22 1250571
d 85 1138041 175
d 22 1096001 18
d 983010 47 1051324
d 1020581 12 1031653
d 909976 16 930659
d 241894 152 286165
d 832809 46 832798
d 10 924014 337
d 509038 193 423134
d 2 760039 62
d 823146 151 762274
d 200 1378655 62
d 65 1031190 20
d 1135550 19 1113389
d 18 1391893 38
d 7 1572734 35
d 705526 199 766562
d 14 550587 28
d 86 55576 24
d 695772 220 690822
d 116105 19 130484
d 749669 24 699041
d 462237 34 431100
d 12 1192009 37
d 97309 32 104266
d 148 1170277 21
d 511327 98 810992
d 709894 17 695735
d 81 98730 89
d 1403394 60 1437172
d 125 1604867 170
d 21 234779 33
d 218 1306918 5
d 17 1059077 30
d 989177 47 964111
d 45132 80 162012
d 1349399 122 1316097
d 117 1315898 96
d 55457 23 23930
d 26469 62 76725
d 281638 25 308417
d 23 402378 30
d 279 653895 95
d 133 772943 35
d 761997 30 772755
d 1611540 45 1604250
d 92 718321 79
d 1460945 2 1298853
d 34 1222273 47
d 22 429532 53
d 34 1103813 10
d 59 383403 24
d 2 338106 198
d 118 922210 108
d 953785 459 1250825
d 9 1043673 76
d 44 177479 75
d 7 103998 3
d 545752 27 534932
d 86811 30 74427
d 1435397 94 1503078
d 708970 8 719625
d 725292 39 709214
d 21 212850 48
d 101 49450 295
d 1570065 835 1517115
d 401057 57 348222
d 119 1223753 52
d 594891 57 593303
d 171512 39 171868
d 1101474 148 1093561
d 657002 44 655492
d 19 181932 24
d 49 1067019 81
d 3 598495 35
d 66 1358188 52
d 1285241 100 1313061
d 189 819281 64
d 518166 75 510055
d 103502 53 104216
d 1202056 8 1195334
d 13 1253783 12
d 33 294007 37
d 1518959 100 1524716
d 19 56954 32
d 40 1193753 25
d 16 692800 31
d 82 1367192 20
d 321 468 129
d 13 1056530 52
d 208 571003 178
d 39 1119229 33
d 77 905337 26
d 898314 115 931329
d 43 520277 10
d 720776 844 601971
d 72 1009206 91
d 1553439 25 1561986
d 897329 43 886805
d 653382 8 669059
d 1300180 32 1313265
d 10 256263 11
d 46 1222495 37
d 5 141075 317
d 609893 78 591839
d 26 870031 34
d 158549 35 139342
d 1036651 80 1059501
d 605095 84 561208
d 1418857 5 1418856
d 862824 79 992147
d 184069 26 197991
d 48 1100885 85
d 831655 21 819842
d 52480 38 30890
d 1090064 49 1085995
d 63 806269 61
d 11 295575 24
d 1430420 102 1445522
d 1356897 81 1395652
d 42 914281 163
d 763506 33 769933
d 165 355498 22
d 1516677 127 1596894
d 794096 7 786582
d 34 52572 67
d 11 772352 185
d 47 562898 29
d 114 1028858 56
d 22 744771 199
d 11 320025 23
d 853557 22 874636
d 36 81489 11
d 7 685809 63
d 302961 17 290750
d 238 891 222
d 760199 109 768607
d 116 255348 36
d 9 764056 34
d 47 1438827 46
d 14 510357 33
d 6 154508 43
d 340278 22 332769
d 154758 48 177618
d 78 420657 90
d 520329 22 536533
d 25 603267 12
d 39 681746 10
d 703299 99 670482
d 978562 32 970214
d 1207483 3 1215251
d 30 1317085 22
d 116 97376 148
d 1024781 109 1045559
d 45 260655 209
d 14 1204430 93
d 414457 45 405207
d 133 990427 104
d 231 548603 28
d 855242 547 1048916
d 1261451 40 1295820
d 1173130 35 1172731
d 947718 93 991992
d 43 1305261 20
d 33 1178228 112
d 216911 701 395041
d 1067501 131 1045274
d 809505 133 795185
d 1003300 74 1005997
d 188117 116 267094
d 56 917891 37
d 467692 28 467687
d 10 812111 10
d 976331 11 980415
d 20 297743 129
d 75 107676 68
d 1037425 190 1040344
d 1446958 73 1433840
d 622388 27 602419
d 16 1236471 23
d 916037 38 925364
d 841381 21 883578
d 1454368 41 1419232
d 955203 52 977763
d 1309013 10 1304856
d 671310 201 609371
d 65 172200 31
d 1088745 5 1096282
d 734631 24 726526
d 16 456799 6
d 139551 29 103672
d 2 912764 3
d 42 365298 67
d 10 771631 2
d 67 51938 127
d 862830 22 850908
d 43 1536361 81
d 438503 165 521943
d 86 930754 54
d 700029 61 735075
d 1147383 62 1173194
d 13 468580 38
d 3 807883 20
d 83983 18 69622
d 799327 57 777022
d 365 324925 60
d 942 550361 26
d 94386 44 59175
d 1241739 38 1226846
d 1018581 48 1008340
d 819947 111 807243
d 87 515610 25
d 26 1129371 25
d 280371 10 302741
d 21 657663 62
d 686049 33 661570
d 8 898049 84
d 578116 70 600846
d 74 826118 38
d 10 546494 10
d 6 380544 55
d 28 476405 15
d 1061441 4 1059526
d 26 948662 25
d 93 517432 22
d 730717 11 715192
d 492441 55 493242
d 29 1108552 17
d 1577422 118 1564392
d 14617 12 8585
d 92 1153296 28
d 830255 19 824593
d 110 496130 18
d 634 238040 381
d 466774 28 473398
d 33 858700 186
d 43 1228995 38
d 35 479176 19
d 30 867887 59
d 57 1241673 54
d 644207 42 385008
d 885127 56 883255
d 1307592 43 1272887
d 1186255 17 1210857
d 37 1539619 105
d 36 913149 37
d 131017 18 143843
d 635250 24 590393
d 65 508654 129
d 78 435852 83
d 1 365350 63
d 864019 148 833876
d 467318 98 419931
d 1369595 70 1319894
d 218517 46 196641
d 54 1445006 4
d 51 613388 38
d 312340 53 284340
d 1607414 21 1600305
d 125964 43 133585
d 1407370 80 1450818
d 75 1256533 32
d 750402 92 777724
d 1227430 668 1319412
d 1254036 297 1398744
d 48 1130286 59
d 1243265 50 1206071
d 425 877561 55
d 13 1378883 12
d 93 689212 27
d 28 477095 38
d 32 1114140 35
d 2 379531 2
d 525534 64 561383
d 48 372653 35
d 383573 45 344332
d 551731 38 558626
d 1274175 24 1281798
d 48 626489 34
d 1026 470770 248
d 18 702743 26
d 73 333996 24
d 1445136 52 1519359
d 20 1404012 31
d 30 1224087 26
d 141 997649 135
d 43 623414 46
d 1190630 153 1246109
d 54 921854 226
d 479359 18 496497
d 45 1230265 129
d 435385 68 435023
d 57 994268 19
d 24 472255 82
d 1418839 96 1436700
d 824999 29 835211
d 167 650413 182
d 142 1457358 44
d 1584698 66 1570920
d 26 430467 108
d 7 1029493 32
d 709678 47 706976
d 28 296443 57
d 156 890785 27
d 57 1442828 24
d 93 1486661 165
d 14 862880 55
d 32122 79 50159
d 27 169714 124
d 481763 185 446690
d 716220 85 617424
d 93 1521360 64
d 1373292 14 1371409
d 520 387492 56
d 922142 10 838828
d 645089 9 649727
d 271427 72 275856
d 389687 7 393694
d 18 899854 36
d 31 1386408 3
d 398608 5 401310
d 527399 45 504287
d 131 900488 26
d 26 112446 29
d 4 628272 67
d 52 1614233 127
d 285 1033245 119
d 25 463425 175
d 698020 424 550276
d 417927 13 404433
d 74 108187 35
d 62 418486 68
d 22 1200131 17
d 1381286 28 1352379
d 347422 111 390024
d 1148989 27 1148619
d 494834 170 532962
d 1435692 178 1411342
d 236069 62 218446
d 51 1372299 79
d 710855 154 768378
d 868488 19 882659
d 145 803040 9
d 557920 25 591813
d 54 705930 44
d 32 1186810 5
d 1489796 7 1478852
d 698 556704 214
d 183 819392 67
d 62 59010 17
d 1360970 104 1279727
d 319 59469 235
d 106 475406 93
d 248 1558488 141
d 1344744 23 1326632
d 53 914428 134
d 39 1399857 10
d 297 1362031 7
d 20 200642 46
d 9 1290795 29
d 939323 174 971918
d 1382263 68 1362668
d 7 254764 104
d 143 982235 64
d 22 744495 337
d 15 737523 55
d 1258459 40 1255937
d 1163897 4 1163896
d 829656 43 840287
d 165122 502 230736
d 229745 51 330399
d 135 1482807 57
d 1286783 164 1173035
d 42 518997 51
d 62 1607434 3
d 1095072 80 1050260
d 279 965788 232
d 44 477024 5
d 83 1218712 48
d 49 329012 67
d 992676 99 1033909
d 243 872323 87
d 22 892480 28
d 1291794 107 1331802
d 19 1469594 35
d 205782 36 201308
d 84 791968 352
d 1317732 2 1318885
d 516819 91 493414
d 533296 4 536355
d 65 1218932 23
d 461 159905 219
d 11 1455478 27
d 1589546 33 1603786
d 719686 45 737912
d 160055 49 173901
d 17 1133235 31
d 653016 12 625769
d 83 952884 37
d 1538775 12 1558119
d 117 1282670 60
d 19 1516466 124
d 1191576 11 1198333
d 1311544 28 1306566
d 149586 36 146047
d 50 640459 833
d 671890 34 708989
d 35 127492 30
d 1553195 17 1547753
d 1362805 130 1324809
d 65 515221 23
d 464 976300 59
d 505311 116 457574
d 100 229054 159
d 1277108 62 1319623
d 91 446423 44
d 647434 5 640832
d 1028182 14 1025482
d 578049 17 574633
d 4 1592067 20
d 39 1362170 53
d 1564498 45 1534054
d 699141 48 658772
d 1015988 444 938139
d 131 1524980 38
d 639900 177 562312
d 448 331414 205
d 227578 151 262698
d 2 185094 20
d 1218111 99 1250664
d 1119258 17 1118873
d 37 1588655 38
d 974607 27 929420
d 226616 27 236249
d 1370579 129 1419270
d 72 27401 54
d 216537 29 221201
d 64 714476 549
d 80 1411644 145
d 228 142776 15
d 1476184 52 1496510
d 212 752484 177
d 76 1519941 21
d 30 1308324 22
d 1173594 86 1153968
d 117999 6 109764
d 357895 26 365050
d 10 602124 131
d 24 1524898 41
d 353855 497 90283
d 435822 38 449629
d 872695 32 872286
d 1288326 180 1306510
d 245639 109 278441
d 37 1175019 33
d 21 262884 36
d 317305 162 259322
d 1252274 17 1251523
d 727825 40 741383
d 32 1220375 14
d 43 67624 7
d 1283922 17 1352918
d 1151837 55 1158754
d 475061 10 479792
d 1293512 47 1271186
d 213 1444476 47
d 312541 23 326032
d 34 1415319 27
d 7 1363925 35
d 7402 12 17176
d 1124810 16 1124813
d 472019 12 481409
d 713143 22 705644
d 14 1127959 17
d 1397449 18 1383896
d 586485 121 521394
d 767641 13 697505
d 103910 38 112886
d 626066 117 638514
d 1242466 41 1221684
d 804038 40 819948
d 16 550383 130
d 1428689 89 1461953
d 17 1448890 51
d 455080 18 461216
d 869234 27 861588
d 920827 88 891173
d 1560798 104 1613073
d 67 951840 39
d 92022 65 108485
d 527187 55 576213
d 31 876976 12
d 37 522848 130
d 606612 52 569922
d 645484 32 657045
d 1179695 22 1204148
d 40 963806 79
d 641899 34 664414
d 113 421444 72
