a 899859 133106 897
a 627973 1801466 623
d 17 617359 19
d 7 1281879 110
d 7 178233 61
d 1405377 164 1397963
d 584103 4 578417
a 1560118 1286008 190
d 8 1043011 30
a 13869 861304 249
a 349380 1394061 613
d 193 666253 210
a 1186241 341109 930
d 151291 48 141550
a 1810082 1304410 493
a 677611 1527754 350
d 1514575 15 1524888
d 27 529035 38
a 834463 576736 419
d 17 1547690 22
d 349 442122 470
d 9 434735 88
a 1759031 1702754 96
a 1393151 400806 942
a 411978 657325 432
d 1597639 49 1530516
d 9 481757 15
a 1365795 627449 578
a 513944 401220 54
a 1569576 1715846 738
d 118 138292 192
a 736774 532880 772
a 1757231 827033 76
d 111212 20 124094
d 3 959155 5
d 442836 16 452935
d 1506936 5 1462886
a 333365 1016639 747
a 1425422 1477548 735
a 1628923 304594 443
a 820019 527495 571
a 1252035 698270 605
d 1750442 124 1751748
a 114149 674120 415
a 682966 1789498 249
a 696449 102858 59
d 1520993 35 1531651
a 1819373 809583 229
d 11249 3 4508
a 493100 297493 373
d 432934 226 406472
a 1284381 34801 372
a 325913 356086 174
a 850472 1782784 720
d 920140 195 803721
d 242 1351223 97
a 842121 917215 316
d 1289012 60 1346140
d 1635812 42 1612494
a 1220014 1509489 521
a 1281923 311290 213
d 3 49897 3
d 1167519 26 1180743
a 388453 1674727 632
d 76 771685 15
a 757206 734333 353
d 610 137196 55
a 178646 731953 555
d 794 597908 9
d 4 178966 13
a 885733 1431153 56
a 857837 484396 910
d 25 1551796 120
d 155 650760 107
d 718392 31 735210
a 713330 1653628 732
a 721745 1419501 70
a 670825 1770763 278
a 1544149 566516 699
a 423473 303136 855
d 46 1493537 42
d 17 904786 22
d 249 653370 370
a 1268551 293955 848
a 643109 294998 316
a 358127 1153944 502
a 1707272 1717263 200
d 1565448 47 1566319
a 1354792 190805 741
a 570167 636436 454
d 68 1135848 1410
a 1055392 1435743 406
d 13 994672 478
d 1435358 13 1423911
d 493187 23 28719
a 1380782 717652 789
d 372 1127540 46
d 311343 43 326034
a 1723547 782402 343
a 1157960 1437519 847
a 1527806 1566950 856
a 1580225 188608 988
d 1341186 277 1451355
a 903043 1809941 294
d 279742 149 275056
a 1199683 1298977 529
d 1630250 27 1634260
a 944143 828690 971
d 30 35760 51
a 404249 721136 221
a 1200132 577654 472
a 147345 1459352 544
d 38225 14 50993
a 697744 1568835 418
d 3 1458497 8
a 317692 1028168 782
a 1326120 509744 489
a 1508206 1630316 512
a 83113 614399 845
a 214740 399928 690
d 545374 17 539603
a 1280785 1698090 634
a 1721436 1324985 125
a 1119293 518780 404
d 65 381457 44
d 31 857009 40
a 1289776 1697770 426
a 550879 711346 572
a 1291382 801179 574
d 988863 101 825861
d 1478937 24 1481512
d 1107353 272 1329214
d 10 1652149 164
a 38454 1730777 376
d 1418920 33 1408276
d 208302 64 250621
d 1132027 36 1086344
d 53 1742495 130
d 1282410 52 1330182
a 1289425 1530468 407
a 403563 659402 486
d 25 1627252 41
d 82 172453 110
a 622890 1688873 984
a 510839 1615495 329
d 632701 26 653089
d 318 868311 16
a 1322204 287062 574
d 1742448 8 1741218
d 1304782 14 1297918
d 22 396122 17
a 1138103 437634 146
d 894403 334 1052050
a 129933 1252972 118
a 360369 1276103 863
a 1039954 1040122 606
a 955303 1560687 775
d 379 1238629 235
a 168484 716728 927
d 417 1489202 18
d 322553 59 353263
d 21 1677334 23
a 1289338 244051 946
d 48 1365976 53
d 301 373725 937
a 788955 532383 788
d 36 907410 1
a 1351033 1467760 262
a 1534564 1095303 225
d 2 1762983 418
a 1457856 285238 458
a 175364 1163443 70
a 1439568 168535 247
d 186260 23 193667
d 42 1289788 39
d 1432622 68 1473456
d 491922 6 495094
d 170 1104387 155
d 157 819855 98
a 724284 620650 129
d 1133597 41 1801068
a 1497085 1226129 77
d 735783 33 724071
a 1068374 1459687 568
d 100 22932 92
a 369996 1465639 878
a 1693039 1658954 957
d 11 1651011 50
d 1697951 208 1665177
a 1508108 595064 383
a 979446 106170 122
d 50 1293987 50
d 221858 281 188674
d 537 1041108 198
a 438055 254349 886
a 610046 594182 188
a 868155 778277 69
a 1455338 258567 202
d 148 1690913 31
d 32 1101072 58
a 848277 608435 576
a 351012 5167 285
a 1350848 35698 325
a 1127980 318363 50
d 1263172 63 1260517
d 163 378612 125
d 33 252408 147
a 1112343 189535 265
d 95 1644197 137
a 277851 1157739 96
a 35708 172959 439
d 26 1247356 10
d 79 480991 8
a 149851 1280343 786
a 616720 1616065 684
a 1754381 1209797 823
d 31 944627 77
d 1744525 39 1719127
a 312393 109888 492
a 723944 512195 385
d 1384142 129 1424262
d 971453 51 902574
a 229640 1353185 362
a 1580001 370019 876
d 830901 33 860218
d 68 816127 21
d 132 1447419 58
d 77 1232338 13
a 1257012 231367 364
d 1687406 27 1691372
d 127 1577171 99
a 1622131 1032844 504
d 789012 57 711385
a 1241294 653888 325
d 126984 522 377361
d 47 780772 14
a 870088 686286 999
d 7 477269 221
d 437 417032 319
a 236255 729248 515
d 350 122062 21
a 429575 374343 112
a 339476 670724 399
d 282 805089 70
d 73 1448285 38
a 628819 284212 96
d 184589 444 124892
a 1144790 887695 716
d 927795 52 898688
a 1792065 1375425 598
d 1673957 110 1671358
d 450842 94 486458
a 1082641 789357 637
a 1823559 669853 26
a 1713342 1048257 399
d 66 83764 55
a 1069965 1781054 540
a 1373213 59293 214
a 193507 1403953 404
d 56 451286 62
a 505738 963008 687
d 1398376 30 1375184
d 24 1658410 201
a 1240804 1794618 409
d 182818 43 224966
a 1614564 309234 214
a 393707 839316 906
a 1430837 66535 20
d 32 1752698 22
a 636875 472203 757
a 326090 1584271 945
a 360777 1005927 151
d 1292049 256 1590934
d 79 1420150 10
a 1404196 553298 117
a 724076 757322 93
a 938084 722394 533
a 1203824 762240 396
d 1789295 92 1779934
d 146546 123 119448
d 375716 312 127783
d 128851 16 82525
d 14 752012 26
a 1529211 990340 221
d 913091 34 875031
d 449030 8 391716
d 15 964315 325
d 799334 114 778813
a 157241 1715778 872
d 117 411413 263
a 1166482 1265385 341
d 1169439 19 1150815
a 751026 371575 964
d 1400777 12 1404631
a 10496 243852 845
a 734087 501490 90
d 1657565 298 1527372
a 766423 1091402 869
a 1733989 12940 17
a 949782 819543 298
a 25096 78361 697
a 831810 919661 364
d 1070 1827696 419
a 761234 334958 711
d 738639 294 617921
a 1801691 1030332 959
d 849541 42 869539
d 1722386 275 1827299
d 417 398445 1060
d 14 1270509 14
d 55 486574 25
d 1546 490500 18
a 507351 1459095 464
d 1442672 7 1436944
d 310405 41 120482
a 19373 660618 44
a 227223 79761 100
a 1628719 401209 36
a 1584433 1390880 771
d 104 1615320 609
a 1589392 952622 726
a 1423417 1217342 508
d 196 999630 178
d 254744 4 236333
a 887666 822840 581
d 24 1116792 23
d 22 1189806 24
d 396562 29 399161
a 858695 763927 801
d 145175 70 172498
a 209468 1636154 588
d 1445443 27 1503596
a 1694592 1660541 568
a 939230 1159287 385
a 974429 396979 339
d 1582423 148 1557027
d 42 921010 171
a 1709918 564229 50
a 886951 1117383 222
a 1244457 1509767 949
a 1440752 894960 35
a 761122 1768002 310
a 1467842 587499 316
d 622359 229 925897
a 778867 727138 544
a 978175 746511 525
a 914408 1220816 996
a 73827 1502484 952
d 47 906755 62
a 1402749 1310757 160
a 84891 741610 846
a 1574253 596907 726
d 163964 68 108352
a 1342005 1637347 961
d 92 1078658 191
d 1131990 720 1146444
a 27768 1152841 41
d 794411 325 1018533
a 1586737 251670 439
d 200 1821114 766
d 46 71043 11
d 2 1590964 61
a 730641 1589365 846
a 858423 318645 64
a 641907 1709273 676
a 1764862 900160 840
d 1522141 22 1526607
a 500706 86415 751
d 73 667943 94
d 1615646 116 1545693
a 987701 1087372 523
a 1808821 566822 442
a 1564511 853057 703
d 1429431 30 1441424
a 1692536 431602 470
a 619177 1598352 365
a 1408781 1684950 107
d 1629437 44 1586789
a 1526296 1360257 920
d 10 602007 279
a 563962 715061 933
d 14 899861 20
d 268 1207900 292
a 873045 1335657 577
d 390 811750 330
a 481729 360277 96
d 1294336 346 1366877
d 1356387 132 1269420
d 1447125 7 1443676
d 51 573917 39
d 2 122793 35
a 452931 1416227 512
a 993108 533305 100
a 210853 1091550 660
d 183 955338 111
d 866 269870 2590
d 167110 15 194876
a 3114 615021 895
a 1282401 855343 165
d 236 1347395 266
a 668210 1337759 432
d 1263597 49 1243028
d 176 1576062 18
d 1 1356546 160
d 1081843 97 1063821
a 743677 21655 472
a 1421757 14567 781
d 87 634241 87
d 1077001 77 1072317
d 491946 119 536465
a 28823 729469 885
d 11 72730 35
d 50648 38 65690
a 1187323 1368406 195
d 35 286827 63
d 405821 61 374646
a 17242 1743069 917
a 392711 20923 139
d 1296968 12 1213361
d 50 107911 51
a 1392487 521049 945
a 990604 690419 489
d 536081 9 494258
d 22 1490368 230
a 1070383 1070009 823
d 1131632 45 1150577
a 7148 1267260 753
d 1201690 166 1085612
d 338 1518003 38
a 793415 757830 203
d 891836 627 1007976
a 1389654 334480 641
d 675981 34 671046
a 1594419 1285538 741
d 801 380271 30
d 1825046 29 1441939
a 453115 1396638 786
d 1335444 727 1023087
a 1538482 558095 425
a 1107365 1758330 279
d 82 1532945 34
a 479174 1323104 613
d 213461 632 4516
a 1629252 1392134 824
d 1434038 26 1420100
a 1423389 1328328 137
a 470768 534527 884
a 1026976 1521604 329
d 385984 34 343927
a 1629775 429132 390
d 13 326076 9
d 33 1091979 224
a 804317 793910 746
a 1757746 242529 656
d 1133375 8 1129825
d 158602 23 149833
a 371034 1197580 525
a 904296 1761553 173
a 809824 621804 40
a 1249111 273981 617
a 1146420 983041 738
a 276216 971223 508
d 26 1810169 25
d 48 536951 660
d 279796 121 355156
d 350268 40 336490
d 71 72966 155
d 786 132926 75
d 19 1464363 109
d 1633749 577 1469328
d 327 788625 104
a 1338815 1081707 782
a 319134 1238732 846
d 520 811047 119
d 32 675846 33
d 341 1382174 16
d 75 1233587 81
a 1725371 685255 264
d 71 898649 65
d 1146120 27 1175097
d 840773 28 840347
a 336424 1739372 332
d 1149017 67 1145048
d 30 438536 203
d 57 367145 51
a 691836 746155 819
d 1789062 20 1797419
d 1235728 76 1256864
a 532678 706443 267
a 106028 1651251 483
d 90 835665 48
d 46 1820847 46
d 158285 13 148176
d 52899 39 98422
d 150 1455422 181
d 1104338 17 1103458
d 1735968 16 1731899
d 459 1179383 89
d 301 928071 117
d 32 877312 37
d 1011112 476 997094
d 103 353289 20
d 1480740 20 1481195
a 243969 117240 755
a 75446 235596 58
a 1781121 1198793 797
a 731717 1080171 268
a 176460 1412973 276
a 406903 588812 472
a 1765240 1660466 123
a 136036 346600 686
a 1011309 1806444 906
a 81252 345051 910
a 1790653 1809335 695
d 1298098 1205 1212515
a 759169 681572 760
a 1431034 1341897 384
a 1811636 833277 971
a 421895 337717 122
a 126223 1747940 408
a 1078123 1705424 612
d 618796 215 493324
d 1650550 35 1641902
a 1292238 743255 996
a 116689 665162 490
a 1505909 723901 431
d 632528 41 639744
a 1800899 925140 79
a 101111 395380 681
d 62 896995 39
d 12 839614 44
d 21 57176 142
d 64 1484036 850
d 114 1540132 8
a 1157913 18480 985
d 1165364 46 1189457
d 1603284 253 1464663
a 1093133 1256298 674
d 20 1032152 99
d 81 539888 197
a 1268019 304246 457
a 910559 1102354 170
a 1540689 1545634 582
a 518341 886683 860
d 1 98095 27
a 1748516 374110 984
d 439 998670 19
a 868667 437903 578
d 95 256095 27
a 388246 1204727 188
a 1045122 1085603 372
d 49 1660720 25
d 2 1402286 27
a 468500 1733591 465
a 217484 1807306 348
a 1368824 1093981 323
d 81 528452 360
d 961227 369 1110142
a 187209 497203 628
a 750454 865881 379
a 528820 1586155 662
a 1125313 1160737 490
d 31 855838 16
a 1044523 48572 366
a 1381437 949469 882
d 1232072 36 1180548
d 1484149 22 1658292
d 64 713749 4
a 876609 429386 483
a 501868 1230054 377
a 204234 711061 495
d 78 27896 96
a 905676 384513 791
d 1075887 9 1019921
a 841627 299100 289
d 27 1388568 215
d 1717706 346 1708311
a 750750 1386926 824
a 1694342 482227 742
d 1072 169765 39
a 1575763 881725 320
a 534514 1329023 849
a 492482 170831 554
d 1637712 89 1566316
a 1246251 454021 146
d 1245079 18 1245082
a 1496346 1585336 858
a 847886 381005 572
d 51 543069 67
a 1387717 259990 515
d 907011 65 903563
a 99304 931971 239
a 1615680 493263 588
a 1583772 338306 523
a 891432 777 869
a 345225 1342129 931
a 187106 934185 748
a 622988 658355 25
a 1494515 83404 203
a 1251325 151599 308
d 1468583 198 1537516
a 1610212 1693315 687
a 1795300 215620 185
d 723153 661 969938
d 14 1163300 59
d 1026124 51 997360
d 858549 24 842142
d 942777 51 930267
d 1195312 122 1163410
d 1033742 260 1146082
d 72 1329572 26
d 12 1366145 52
d 109 532534 39
d 19 130421 42
d 376 1301568 31
d 44 944027 93
a 603712 199154 911
a 367499 246682 444
a 685439 828045 557
d 1753163 20 1764525
a 1463167 1213392 136
d 1656329 28 1639465
a 267362 434071 247
a 902750 536868 979
d 31 1241901 19
a 1751973 260594 849
d 112 1207345 70
d 22 651162 91
d 52 343200 70
d 19 1087443 19
a 297287 285471 494
a 1407266 1219418 607
a 1720826 1645945 410
a 433853 1252011 308
d 18 1219638 15
a 1481859 1085308 367
a 1366927 1517711 483
d 1063596 7 1060684
a 1047389 619451 359
d 1277489 945 1290290
a 929659 897585 88
a 1028934 1225400 125
a 309556 939201 141
d 273 1580871 508
d 924220 112 1090286
d 1087256 51 1040672
a 1745419 165712 417
a 1635461 489238 64
a 489876 249641 386
d 68 909668 33
a 978274 1721180 429
a 888236 1503954 902
a 864881 1381771 142
a 1662944 640804 613
a 30386 1754235 281
d 29 1064336 12
a 1181682 1048696 898
a 1489285 212114 72
a 799675 1612461 65
d 13 1037749 30
d 42 1033613 15
d 1137581 155 1053106
a 488557 1651156 138
a 49126 464331 535
a 334848 548698 607
a 201176 393497 675
d 142 1613652 53
a 981209 602540 256
d 717 1728109 146
a 1434966 1045637 823
a 1324091 1158097 35
a 1668875 1788132 721
a 1596984 1320390 636
d 22 1196314 24
d 416006 62 489250
d 166344 14 157407
d 1576503 22 1569131
a 274569 630281 886
d 30 319034 252
a 1805177 1157969 315
a 151708 726798 160
d 890429 105 927687
d 27 1618211 17
a 313278 864335 813
a 976855 792233 809
a 127876 217511 754
d 49 1408169 189
d 1723151 108 1666231
a 1656151 1209436 227
d 50 1685009 12
d 44 141401 22
d 50 1750370 428
d 34 63338 40
d 1656960 276 1729971
d 853184 166 831486
a 470769 1291988 8
d 1561617 51 1491836
a 1536844 1040287 799
d 73 1003591 25
a 157554 932890 195
d 1319063 7 1320357
a 1336392 310679 836
d 553718 37 589710
d 293237 24 302030
a 170877 1078409 925
d 217734 21 221959
a 593653 593335 316
d 30 169487 21
a 1761606 1724793 604
a 420769 1146555 59
d 161 786748 97
d 279 557477 175
d 1320748 266 1310062
a 276726 843675 182
a 737213 797481 181
a 756187 1065731 405
a 559360 1436491 810
d 131304 130 188969
a 910286 1646648 40
d 1734655 125 1611756
d 170 930368 12
a 1216220 841664 385
d 1123553 28 1139011
a 1419755 147896 429
d 46 1557247 198
a 360756 890056 516
d 51 410790 10
a 1177824 1436849 775
d 834833 34 813601
a 1615956 855025 385
d 28 1559457 85
d 546716 42 464000
d 239857 45 262296
a 615267 894666 908
a 934673 1729812 206
a 1236310 1261290 533
a 1359294 1176075 356
d 1458530 19 1450477
d 627866 346 497917
d 372 587008 3
a 633792 896648 40
d 125 1209957 353
d 1501309 841 1655817
d 865427 4 867565
d 677 1656513 28
d 2 465495 70
a 148233 138723 897
a 674340 1802447 986
a 1418646 1191133 90
d 398 200156 511
d 265667 245 353707
d 1518315 102 1477130
d 51 313104 35
d 13 1048771 9
d 1154286 284 1094785
a 183970 1419994 374
d 791490 9 802677
a 412866 1765214 797
a 321940 1664409 32
d 21 812075 38
d 238750 2 239984
d 40 1411492 15
a 263974 1824591 512
d 78398 134 17260
a 58218 82879 541
d 46 300328 55
a 481598 1760090 428
d 51 726107 84
d 36 1190514 3
a 133860 606021 596
a 969617 669109 30
a 1379812 1631917 474
d 1614216 29 1616957
d 110435 16 260855
d 56 1677384 47
a 758212 922103 837
a 553575 226336 590
a 1057151 774052 54
d 37 1454524 9
d 19 828227 13
d 146 1754306 90
a 32140 943017 26
a 531914 1496469 347
d 1406561 100 1359180
a 552496 834634 820
a 106931 1195106 266
a 1256583 1494127 588
d 31 1607579 15
d 45 1064857 29
d 201 1488358 328
d 1364376 50 1595495
a 1760982 857010 214
a 88918 235611 241
d 56 266378 25
a 1234401 1748383 975
d 486200 63 463439
a 1696820 1364141 856
a 1713988 1563472 946
d 128 126856 45
d 98 1626598 24
d 1117582 21 1141533
a 700964 416239 573
a 1513532 661338 112
d 464272 386 699794
a 897534 302295 652
a 1613709 300199 381
a 1751253 413902 797
d 71 51049 12
d 82 54063 59
d 20 303164 24
d 234 889193 56
d 23 1478095 28
d 1355890 68 1356296
d 33 294618 299
d 373 129401 66
a 1766333 1260393 477
a 1085256 1501268 475
a 276888 1568283 439
a 53004 434553 647
a 1803218 188486 741
a 458162 1144662 345
d 126 496235 633
a 1226605 81546 481
a 1668275 1293964 340
d 1127538 41 1139659
a 1154999 1014413 760
a 815302 441182 250
a 211061 1507387 681
d 21 653270 31
a 1506975 969302 800
d 145 218534 1163
a 1440439 1341961 434
d 137014 167 72482
a 1465777 896176 305
d 14 211913 17
d 118 945982 9
d 41 429855 33
d 526879 8 615217
d 1072134 277 1123231
a 1018100 387101 773
a 234847 1036911 413
a 1346119 976268 971
a 1757794 822488 856
d 152 1290459 116
d 1561965 8 1538932
d 48 442675 20
d 683 1366992 399
d 5027 42 57354
a 1200466 1807784 900
a 501690 1458890 312
d 1668774 13 1676572
d 51 592331 285
d 345373 105 442175
d 61 178185 6
d 371 1765953 155
a 72488 1485023 685
d 1464125 5 1574986
a 17595 859715 631
d 1271870 19 1321514
a 1232263 536077 156
d 904934 310 813386
a 300651 717677 430
a 67320 1123323 861
d 1 1202169 16
a 1596943 598156 156
d 71 125284 191
d 1698214 22 1693490
a 1017615 157198 782
d 110 129559 460
a 1069777 1115483 280
a 1132469 778615 554
d 14 46225 13
d 1097744 77 1071879
d 34 333216 65
d 10 897699 202
a 47761 241371 522
d 50 725115 2
d 31 1153503 46
a 1395409 409177 865
d 2 41872 19
d 4052 59 444607
d 54 1560581 13
a 591920 568859 269
d 640190 15 625276
a 386681 1225985 757
d 38 511203 94
d 107 1648188 78
a 275430 974057 197
a 1461332 1346550 470
d 1282233 16 1264303
a 1215542 535848 136
d 2 825222 48
a 1711496 1022616 96
a 1827109 295815 301
d 1447274 95 1492581
a 103620 1752402 200
d 479296 246 474868
a 239989 1345368 741
a 1246351 711308 880
a 868445 1499947 864
a 1368727 440773 670
d 12 1447432 99
a 89151 1643207 651
a 174334 1725449 600
d 1205597 45 1209052
d 20 54305 18
a 153036 1435772 166
d 1391524 137 1396719
a 295822 300730 192
a 1808483 87892 459
a 1738270 540117 368
d 890819 100 881786
a 940016 689763 853
d 86 1811222 24
d 1 177908 49
a 226854 935830 801
d 15 1428405 31
a 212341 1291404 547
a 984126 6270 812
a 760963 878468 724
d 1229559 53 1287718
d 155 1439648 214
d 1127399 17 1126987
d 1706 1826945 811
a 653288 861704 367
a 1721640 409945 634
d 1424425 19 1344024
d 862581 22 866726
d 15 1520459 56
d 737824 64 726901
d 253 548296 471
d 21 1580247 30
d 92 202277 83
a 877689 1488472 819
d 82 1082654 29
a 1273029 72482 762
a 762076 464599 633
d 38 1538844 33
d 98 982245 281
d 1045180 34 1019314
a 1370550 964201 373
d 28 1488463 17
a 241404 638605 315
d 84 690223 69
a 753884 1749722 852
a 227949 1453759 425
a 754581 777009 92
a 1611430 259568 701
a 1635203 1480295 331
d 1399812 41 1373111
a 554232 84463 240
a 147300 1418388 697
d 149 626106 52
a 1615701 1252395 767
a 1826593 1759313 236
d 60 1565354 39
d 1040533 16 1099919
d 1609204 6 1619508
d 17 1808737 2
a 1407947 305070 500
d 496572 30 491221
d 19 1157736 100
d 420 1133662 135
a 726019 1421287 153
d 1069848 55 1090203
d 1510682 81 1523204
a 918214 931368 185
a 153917 1475453 277
a 556463 1337980 470
d 57 1622528 8
d 1638291 22 1656848
a 1743011 1417828 950
d 753906 51 850610
d 387 1271042 1128
a 1208297 220688 398
d 7 1572741 8
a 394409 825672 428
d 27 698019 81
d 234341 82 246174
a 325299 1438060 461
a 67102 1174378 738
a 1023985 1811847 634
a 1053764 1802226 100
d 18 384697 57
d 361 748296 35
d 616406 11 502122
d 283 1805234 9
d 1229461 111 1294525
d 1562503 501 1778203
d 37 1754661 35
d 377746 78 370818
d 109 407324 160
d 1250 247693 279
d 436 1175381 15
d 35 1244078 114
d 17 1579968 137
d 1751891 46 1744840
a 1524841 634140 199
d 961506 14 991888
d 1114693 139 1204344
d 618983 47 646448
d 34 1703164 12
d 8 1799418 2
d 89 1550767 22
d 95 1639752 143
d 23 1783824 25
d 36 1821030 111
a 885376 1819684 212
a 1731920 840907 692
d 311 1631530 13
d 1195287 46 1195287
d 1011044 61 1011056
d 374303 35 374304
a 665385 1747010 154
a 1187953 606693 881
a 718187 1445009 354
d 126979 23 115006
a 1651847 1536283 422
d 186 1203678 12
a 1617997 461505 590
d 1089781 46 1065540
d 1676673 31 1473711
a 986378 1526727 385
d 1195197 9 1191764
d 1045019 13 1068753
d 25 1214942 110
a 1585384 757974 960
d 34 327086 49
d 1586790 852 1203949
a 368703 811144 422
d 408 780786 137
a 1664576 1595959 630
d 31 485299 122
a 536010 817480 688
a 1697866 1562492 814
d 1421977 16 1408789
d 215 1046753 63
d 533682 204 590844
a 854251 23719 868
a 1526359 112650 701
d 1483367 520 1714457
a 376171 60601 408
a 1295459 1802936 634
a 1632745 1709713 231
a 520277 307153 372
a 130157 988151 814
d 143 1822124 166
d 691187 37 698493
a 1290005 676349 260
d 996755 390 854003
d 1822029 89 1826965
d 236279 67 209263
d 34 1282834 18
a 144192 1312437 966
d 179325 95 194231
d 97 1410367 67
d 1578836 1 1568436
d 48468 38 53894
d 45 1468218 21
d 80 363606 23
d 375 1386980 25
d 856142 111 906494
a 1200842 664651 727
a 301746 1738430 489
a 466759 955274 762
a 807881 626378 864
d 71 1681177 99
d 1436985 36 1423959
a 1716933 1417193 68
a 804141 24728 808
a 1462937 423692 773
a 1741954 609467 553
d 1604783 56 1628115
d 1577331 33 1697606
d 21 420688 154
d 1279336 74 1248240
a 978293 497719 759
d 81 318440 15
d 61 400264 377
a 454659 525306 513
a 1733120 165964 909
d 149 859265 296
d 33 7897 167
a 613330 249036 478
d 360217 462 508620
d 47 557896 251
d 408 402396 1818
d 63 1004410 11
d 49 59448 21
a 1033502 247458 64
a 1589823 573418 32
d 132206 125 109123
a 1704710 1078918 443
a 486530 711816 841
a 1237415 878656 831
d 82 550480 253
a 793467 1805236 649
a 34233 641351 180
d 860503 309 686636
d 1424131 26 1486415
d 122 924087 113
a 94436 515020 727
a 1118343 546854 343
d 53 741970 163
d 865394 595 427497
d 861289 454 1017198
a 761664 1185261 218
a 119698 1111375 62
d 150 1040135 133
d 1076850 34 1073840
a 838789 865091 625
a 905584 196318 771
a 1744528 1536684 183
a 19092 366786 446
a 1548887 845332 428
a 288336 418399 679
d 38 475040 24
d 1299838 87 1277334
a 570192 258944 343
a 1797001 1384955 742
a 915355 852043 416
a 1510412 1237528 939
a 1551133 1488184 422
a 1395078 338629 372
d 1074055 28 1127315
d 573735 25 567808
a 1154718 1610410 292
a 423097 1071417 784
d 1193010 13 1059512
a 80377 180586 792
a 524386 1335266 901
a 592187 338406 261
a 601469 262850 187
d 903413 140 758034
a 300841 1582250 585
d 724605 28 758136
d 360362 74 877416
d 244 1137381 287
d 794986 36 862771
a 1575330 1681792 951
d 1023852 18 1038694
d 51 1139072 27
d 320 1491523 29
a 1107132 1491271 640
a 1290330 974311 758
a 1126084 903119 916
d 1070338 98 1027462
d 703534 21 692607
a 1616342 205489 882
a 971279 1086082 791
a 230651 993623 471
d 44 1644363 28
d 61 107241 195
a 1269709 1677757 588
a 1648126 183779 997
d 1744253 18 1750872
d 29 527307 225
d 881522 4 864894
a 910413 66311 244
d 195 66334 67
d 600476 57 613736
a 1724794 761707 671
d 653900 36 616729
a 1058122 1153128 57
d 33 216165 160
a 1423709 1820497 558
d 54 32491 65
a 516326 1647412 528
a 1810691 705240 963
a 1330584 340653 509
d 1425235 17 1428611
a 575912 1783749 443
d 895567 68 875581
d 1208588 138 1161995
d 1230548 24 1287028
d 8 1699842 10
d 19 591018 10
a 1025844 800410 145
a 214409 1644442 242
a 1199911 1380920 891
d 572126 13 540730
a 356666 1801917 411
d 1783439 9 1821389
a 1444892 1165555 262
a 623919 1233026 822
a 360379 1439620 415
d 279175 507 494687
d 142 142372 90
a 884307 241610 64
a 1013380 912390 87
d 22 1453670 66
a 1620549 1571000 255
d 68 1681146 385
a 1809538 745907 880
a 469 1384240 540
a 1557545 189585 454
a 1517815 419375 804
d 1509429 44 1490659
d 179958 162 2796
a 596601 641408 771
d 564127 35 585007
a 589022 1090646 188
d 1254301 20 1188726
a 59801 1713575 934
a 1637322 169546 71
a 1675246 1265557 601
a 943987 1361683 927
a 543225 954614 879
d 265269 28 280537
d 48 1537760 178
d 1671671 27 1649647
a 370721 173279 336
a 1166199 1475079 184
d 1 809275 311
d 380 423178 360
d 19 1632527 13
d 212030 63 237272
d 1103250 31 1111427
a 342199 1036019 458
d 29 1454225 259
a 1347438 417977 423
d 241 18192 267
a 1520490 229188 685
d 423860 9 459133
a 1028730 1756794 540
d 350 1532214 107
a 1764301 1006495 532
d 413 648490 102
a 1076230 576355 934
a 1342623 106001 477
d 214 1071011 55
a 1113700 560041 843
d 34 1205974 110
a 1394128 815778 165
a 1000665 1310485 943
d 665034 50 738298
d 666166 43 661119
d 57 1252709 144
d 58182 82 71951
d 398705 44 372933
d 695602 134 584469
a 502190 817330 155
a 1165714 1102962 813
a 1562072 1593530 81
a 1384288 902488 349
d 728918 39 779802
d 1158287 139 1135248
a 717737 1374242 272
a 1475884 644258 115
a 301871 1693893 29
a 612127 353118 548
a 244584 1399571 695
d 997141 67 909968
a 1686734 704439 154
d 5 1660010 37
d 775836 121 860340
a 183156 1085875 438
d 6756 73 76765
a 864008 1651913 505
d 51 1112692 135
a 584419 1515592 733
d 9 1094522 26
d 50 799972 14
d 93 1375147 99
d 969216 11 983627
a 1707882 55943 455
a 787579 1035633 566
d 1408888 15 1430469
a 100592 386583 769
a 948548 1221246 214
a 954047 1585041 390
a 231759 1076028 772
d 71 1571032 202
a 1785720 1522903 574
a 194285 735009 417
a 1080775 136893 678
a 137738 1330348 443
d 48 686110 6
d 52 1466610 10
d 92 1441162 542
d 1142300 13 1142703
d 332 740568 329
a 1586452 1186537 882
a 230676 1184984 510
d 561692 252 452476
d 105 591348 77
d 1066585 2 1073848
a 1123513 1592606 150
a 834673 534237 636
d 805252 30 754638
a 1413108 1593216 192
d 3 375448 82
d 60 550848 30
d 36 1559954 151
a 158835 1682998 814
d 662224 1113 1110323
d 1558062 30 1568587
d 742414 60 839700
d 86 1650475 279
a 1268188 351448 775
d 2 1575103 7
d 626447 34 641355
d 24 568708 327
a 908288 960698 135
a 1565281 146431 905
a 1497550 996730 721
d 858995 205 878199
a 758677 518032 631
d 16 227927 222
d 1660205 50 1667781
d 7 1145308 178
d 1449988 11 1437290
d 1382147 221 1257041
a 923743 1483484 180
a 262881 1822032 390
a 641242 1684969 866
d 706945 39 671925
d 360418 316 319284
d 239195 55 242179
d 1114704 176 1115576
d 14 188220 15
d 471797 29 536335
d 18 1302961 63
d 1812359 73 1822757
a 790239 1807243 496
a 449665 524727 102
d 1348792 12 1359435
d 437 1479508 10
d 394 1452117 328
d 895123 1 895124
a 543854 623313 102
a 1008895 426389 623
d 74 786880 12
a 1119384 1602429 947
d 1799036 27 1814626
d 1378555 17 1406406
a 962842 764447 923
d 284 1105550 212
a 904205 940259 456
d 88 949400 29
a 17513 449552 320
d 45 438486 42
a 1373436 559922 888
d 1211555 8 1223722
a 1443809 1810389 431
d 74 1756223 133
d 31 392798 63
d 348542 55 343826
a 1630390 388967 183
a 1676194 1009816 507
d 1396296 257 1395851
d 111 975050 26
d 1544377 23 1557438
a 1031471 249932 69
d 520906 57 532413
a 877089 645224 773
d 1074341 39 1092559
d 146 676932 209
a 56720 741828 568
a 680893 1369855 873
a 150167 137238 835
d 66 789198 102
d 540499 104 478839
a 1701032 1557777 553
a 255820 152267 185
d 120 1520943 18
d 64 1458114 12
a 759424 662132 138
d 919271 48 862881
a 69326 1023043 61
a 190709 1220919 788
d 73 1029241 546
a 1246358 1541794 693
d 61 1716756 16
a 1024773 1185008 167
d 390127 13 390527
d 1047337 1 1047338
a 1553343 308289 552
a 1816305 1007561 324
a 211225 400537 464
a 1523622 1774211 108
a 264026 1348448 112
a 182557 191650 472
d 259977 49 426540
d 25 259644 34
a 989181 984524 375
a 129803 847264 438
a 758275 823272 590
a 431635 180664 778
a 1417175 170465 660
a 692950 1341801 669
a 1355087 1653988 870
a 864771 101620 999
a 328831 1039136 679
d 3 1099757 820
a 1214218 1195066 465
a 1389144 1377968 428
a 1362118 214335 778
a 1034923 668730 787
a 879966 25093 889
d 952 1182129 1338
d 1412450 18 1578226
a 1483526 850683 878
d 170 174403 452
d 106 265120 49
a 1744708 926143 53
d 45 381776 52
d 770271 80 731814
d 443125 72 439099
d 1 1532314 63
d 76 1243295 36
d 1739986 81 1651364
a 1636717 1496480 233
a 351429 1461089 126
a 732305 461549 84
a 789610 1623770 270
a 318922 935888 806
a 421220 1266740 711
d 665378 192 817666
d 1376746 94 1306993
d 605558 47 638504
a 1607730 1577226 919
a 504507 47749 750
a 498383 356042 836
a 794014 1690943 445
d 31 1820499 32
d 720 809568 673
a 1222656 246624 831
d 51 1680575 56
a 710616 1642651 980
a 1811421 934824 797
d 1026671 22 1039024
d 117 1474480 26
a 512483 79341 309
d 680650 619 413242
a 907701 691927 432
a 687880 1070580 400
d 435739 81 477287
d 269 1573841 12
a 429975 1720150 618
a 38202 1470303 779
d 1 1725947 23
a 956825 789681 99
d 704931 35 697885
d 1032048 5 1027833
a 404926 1083165 593
a 1480601 1791123 24
a 1543916 1537447 697
d 48 162400 369
d 696618 26 729360
d 18 583492 11
a 684632 1490839 35
a 543009 905592 811
a 1488498 1457026 448
d 1540219 47 1542422
d 28 787488 22
d 76 831665 825
d 113 867189 105
d 354643 18 345115
a 165606 1535336 363
a 997044 1354885 912
a 1713087 1156982 473
a 506588 1363968 649
d 815 445871 281
a 807278 736691 485
d 136769 123 127171
d 362647 3 363094
d 409441 43 430710
d 568399 263 478664
a 1464794 1111636 2
d 225400 17 234000
a 786485 755303 975
d 4 121438 4
d 102 814197 62
a 1191722 1778196 113
a 230182 398813 779
a 33098 1323596 549
d 1088930 42 1113803
d 229950 74 241790
a 1038796 1733135 325
a 981352 947639 397
d 45 1123324 123
a 1451512 1333651 313
a 497706 1766186 152
d 1444125 13 1448866
a 1302721 933710 141
d 115 971806 65
a 131966 283114 861
d 66922 291 173761
d 36 1772981 118
a 145910 1249353 104
d 49 1552153 60
a 1333488 1258047 355
d 227932 65 206921
a 117739 1034671 924
d 165 1127530 66
a 262774 1276834 466
d 7 46841 30
a 486426 302652 561
d 51 695386 15
a 755988 243269 365
d 15 821065 23
a 1824953 1231596 575
d 774431 3 769647
d 116 738005 173
a 1247531 690045 75
a 1546853 789540 414
d 210 825031 41
d 11 462109 537
d 1355573 30 1339325
d 1474528 210 1456379
d 277 1398302 50
a 1008838 375398 431
a 891289 1711822 533
a 1352275 962355 139
a 1306872 763862 36
a 236742 901817 183
d 27 1753731 610
d 86 1422799 257
a 1267994 598169 862
a 294009 371179 245
a 1384456 1637126 951
d 1738598 17 1764268
d 548232 3 550468
a 669594 1555409 514
a 403848 1728573 685
a 1827225 1794367 963
d 1737003 65 1749113
a 442832 1629927 649
d 287 1513549 95
a 311556 1069513 582
d 1822948 56 1798776
a 470512 780953 936
a 789750 726764 884
d 302976 1087 524434
d 69 808143 1651
a 40309 1602783 944
d 150913 87 92138
a 966280 327748 532
a 781629 901869 212
a 620843 678390 18
d 656 407938 293
a 1380976 970577 159
a 3951 1315289 508
d 306 422759 544
a 81751 859867 829
a 1337714 1766368 46
d 1495785 28 1475927
d 1709895 46 1712422
a 460691 1271884 766
d 654170 14 660175
d 1332738 28 1320174
a 91557 959603 399
a 792777 882091 983
d 419 743629 706
a 316416 1357818 3
d 9 1822679 63
a 987289 215562 505
a 872781 558134 923
d 83 612922 28
d 1650484 7 1654239
a 1286742 1104339 61
a 964245 816404 788
a 530398 248076 307
a 50743 752986 351
a 202164 961698 502
a 1187178 1070267 635
d 28 1576891 110
a 1026918 1677292 681
d 254582 19 264096
d 162 89110 84
a 600387 62956 926
a 1510937 499157 180
d 38 587611 378
a 852683 1232476 383
d 55 330356 41
a 354213 1591273 938
d 1254109 1851 454773
a 314846 1744355 440
a 1399199 932659 1
a 775052 177777 611
d 575225 518 422842
a 1263068 205163 75
d 50 670979 151
d 45 31801 13
d 1284 1166827 1264
d 8 602142 39
d 5 687505 5
d 217169 46 212353
d 129 305181 140
d 368 909348 161
a 1298565 55070 635
a 1024298 278368 68
a 802210 1434337 353
d 12 242180 82
a 179655 945662 27
a 681256 1217392 55
d 100102 15 106875
d 4 727871 18
a 1824580 60692 301
d 700207 62 723807
a 326463 1083592 755
a 1536052 887394 705
a 1812917 159105 434
a 817045 766393 797
a 1677463 36882 21
a 245020 1146688 694
a 1654233 1175826 513
d 792 858830 126
a 68469 1559752 176
d 45 1651379 56
d 1458206 85 1459115
d 1721634 35 1703250
a 1568086 434807 474
d 14 1003137 17
d 168 356985 162
a 1348270 441778 83
a 1570145 584556 900
d 467976 43 459688
a 68323 1522274 463
a 61819 1480473 179
d 15 1466718 35
a 1531887 1337126 193
a 92760 1111633 225
d 18 835554 102
d 20 560466 21
d 1598407 39 1624688
a 1572232 153471 257
d 954730 569 1269940
d 149 600912 75
a 1620776 1769933 25
a 1109144 1742737 368
a 884166 478402 927
a 981120 1149193 29
d 106 33458 49
d 358 376122 52
d 685834 92 719723
d 298414 199 7487
a 839936 763828 326
d 287 1576613 241
d 59 580246 23
d 1827032 745 1439218
a 704085 576653 371
d 576838 223 439167
a 978228 723629 369
d 383664 254 445263
a 460368 176703 720
d 1595404 48 1613082
d 63 1110167 15
d 1385 160387 365
a 785505 1481944 102
d 1529211 114 1453593
a 717568 1534004 642
a 921223 1454727 431
d 643832 8 820404
a 59297 492921 215
a 818363 649158 690
a 352656 738614 803
a 725191 115037 652
a 477007 23371 929
d 567967 19 578796
d 31 44008 25
d 32 1265119 53
a 1684623 571840 86
a 1784918 1212947 292
a 905821 97531 617
a 1602829 621310 277
d 1477874 32 1454093
d 195312 16 233969
a 283790 1259501 554
d 97031 38 123138
a 1785808 186472 629
d 188 603709 67
d 1033725 138 1022728
d 163 1822858 200
a 249089 898037 922
a 906168 385833 394
d 189 1073125 32
d 32 1238786 260
a 1403628 173735 309
d 1120256 46 1110427
a 1822082 159099 211
d 391807 21 381527
d 983263 105 899070
a 281769 1202181 349
a 1471543 857068 175
a 1277985 1124770 976
d 231537 10 192822
a 33806 670708 796
d 21 1045962 91
a 1727067 1693898 4
d 44 120155 39
a 178208 859823 362
a 473420 728450 65
a 595571 458447 753
a 1468159 725540 253
a 1676455 1627659 6
d 565710 8 707250
a 965527 126562 11
a 454267 699403 554
a 347430 1638315 472
a 100662 350007 620
d 34 1580016 31
d 34 1422924 24
d 1624735 57 1679798
d 17 575660 28
a 1660746 1534585 421
a 178892 1087958 618
d 1656215 2 1656216
a 363963 1723033 741
d 100 592655 48
a 76302 779668 319
d 244449 41 198756
a 712311 1000618 927
d 22 1809776 658
d 243 1715590 272
d 1152743 480 685581
d 525407 14 524097
d 3 1206708 48
a 955332 1442979 465
a 1030395 956771 287
d 386774 25 446568
a 94993 1276764 460
a 460562 355580 909
a 189901 717725 733
a 1424597 1048385 247
a 1818367 1009061 698
d 543371 328 203971
a 911190 567523 485
d 29 581134 220
d 149341 28 50948
d 7 1646254 13
a 428378 881668 745
d 1553815 17 1559448
d 1705614 120 1721389
a 694615 1529134 816
d 16 381274 141
d 800747 10 802959
d 23 1741780 180
d 10 1087941 15
a 1155366 279705 284
d 876155 94 879154
a 275282 1789368 180
a 654340 2760 688
a 179655 1360867 297
d 725464 51 760376
a 833272 1108293 274
a 1342394 1375194 575
a 1079923 1332727 916
d 184 599295 72
a 1282614 720368 461
a 485179 419782 19
d 405 428907 154
a 756890 1076790 699
d 1537918 41 1563259
d 10 1445025 13
a 1769621 1815433 269
a 765814 1530344 363
a 314112 263242 694
d 67 1218661 34
d 974063 47 980020
d 136 1496748 176
d 791 1166587 836
a 1312330 959109 628
d 75 1504536 89
d 1386174 181 1319552
d 438691 24 429158
d 170 881659 469
d 1781401 87 1809384
d 23 1820053 404
a 14049 1162187 212
a 1419309 1817901 745
d 216 170327 18
a 474839 1195648 907
d 550737 45 575422
a 741873 756524 328
d 53 1462944 123
a 658829 1048261 278
d 1110750 30 1106000
d 1556627 25 1459719
a 683344 1808044 676
d 801440 372 881822
d 1106709 338 926177
a 1072697 612667 48
d 86 468327 12
d 105926 98 40660
a 537368 212894 413
d 85 273120 46
a 839871 1608880 413
a 1028285 1480762 693
a 217818 135640 826
d 99 121324 86
d 1015563 15 1086332
a 1156744 275178 879
a 1127985 1087701 44
d 9 618616 10
a 121032 1205047 952
d 390590 281 563061
a 5543 105218 277
a 905702 948206 950
a 1735252 199730 521
a 1313416 630568 510
d 12 1249595 43
d 30 771792 513
d 889037 698 817462
a 745861 242399 704
a 1768917 1330226 287
a 612405 784520 222
a 720236 125898 591
a 1247735 478757 689
a 1306754 1319193 68
d 49 897884 25
d 88 185196 125
a 1127926 293389 677
d 49 1709433 20
a 1648554 530143 923
a 682119 643412 407
a 1587159 1568919 651
a 958582 295815 307
d 362549 43 367691
a 1654757 202130 271
d 6 1552216 69
d 32 1141704 2
d 1692430 30 1694569
d 735734 10 740431
d 686719 2 684645
a 1399700 1597372 56
a 493661 1536435 500
a 1408982 1590161 711
d 224361 24 223935
d 1754588 522 1828398
d 27 1419087 52
a 797820 496786 628
a 1188196 408383 414
a 532477 207021 232
a 744118 832934 485
d 21 1483406 45
a 1639637 935876 837
d 440 219882 247
a 341182 341256 523
a 159314 1522307 537
a 65328 1483952 337
a 1208372 1002814 504
d 201 622886 25
d 50 827811 2
a 1134132 1352780 864
d 1169470 48 1136264
d 50 1237157 47
d 34 1356259 27
a 1507122 369134 220
d 27 1086631 23
d 364336 63 344865
a 885872 119751 996
d 1130012 111 1119826
a 749416 1608356 873
a 1192283 649762 734
a 132725 70161 808
a 2414 457697 616
a 1155126 597598 874
a 1438974 1299618 652
a 1364633 129388 73
d 2 1292133 11
d 790824 21 867277
d 382498 60 399718
a 649681 1724570 502
d 6259 12 38897
a 465863 1507660 685
d 12 97567 42
a 761652 1714038 926
a 1314171 711969 874
d 728216 130 707191
a 1678853 346477 919
d 100 1445006 28
d 104 788796 927
a 139283 1672887 489
d 30 635341 135
a 25348 738114 421
a 192263 1518562 307
d 40 616747 237
d 118 658700 103
a 1583608 933760 677
a 702083 1387935 411
a 352475 1400392 973
a 1553634 1707385 434
d 344629 3 339417
a 1464395 1282238 87
a 993058 1621597 383
d 1651300 6 1660159
a 1385262 1000327 548
a 320294 237170 970
d 22 344615 220
d 582 1602977 24
a 580474 1079227 50
a 115953 158726 804
a 1065246 81870 169
a 1773472 1772874 580
a 1413772 602671 572
d 50 182575 75
a 1132523 719797 422
a 279892 1136269 75
d 298751 12 307190
a 552195 1238520 251
a 1002766 253978 960
a 569694 489205 769
a 1444086 1124076 163
a 642290 1211549 755
d 1547345 11 1578290
d 1000676 55 974537
d 1041939 62 1047601
a 1587554 1633316 110
a 1748765 466052 723
d 130 27953 23
d 28 637416 252
d 5 1519441 44
d 621 2668 506
a 1160970 840933 255
d 33897 19 43514
a 9506 862647 729
d 33 528699 12
a 1208457 482623 640
d 122 234076 93
a 1346256 430822 88
d 1687314 10 1700712
d 10 604055 41
d 1257027 146 1218368
a 892352 33364 12
d 262 1439141 31
a 1165138 842948 585
d 503 1823379 13
d 33 1686300 374
d 1253685 20 1283808
a 791344 830461 294
a 675551 246704 697
a 1573683 993807 43
a 863820 658212 860
a 454544 1055078 503
d 71 521972 1253
d 856479 13 857723
a 1310380 873015 271
a 210174 616759 919
a 252878 1056482 531
a 749241 670577 803
d 68 5397 57
d 9 427649 41
d 1800456 25 1806625
a 1689370 690726 108
d 622678 104 582835
a 977804 1072242 798
a 600128 1687786 599
d 62 186000 62
d 35 1587325 10
d 1013562 68 1248834
a 778237 567264 319
a 1110686 160198 513
a 286995 522275 720
a 1565564 1023124 437
a 1078236 612541 415
a 1659893 1071734 679
d 299381 82 330349
d 506940 14 515833
a 1130200 1264951 114
d 252 907153 150
d 1748978 387 1640868
a 1054492 436920 960
d 428740 438 327143
a 1506305 1106087 181
a 1261849 1273161 124
d 1803863 130 1784993
a 1492409 1263884 207
a 73951 381060 118
a 9787 941041 990
d 1104442 182 1154507
d 745427 60 773357
d 10 1820860 12
a 812033 1190569 507
a 437613 916515 793
a 161845 1432227 445
a 776461 416521 597
a 1518490 412351 955
a 1450623 166428 402
d 1384 1634877 17
a 693094 155058 175
a 1375221 418985 671
a 1035871 1753076 19
a 241780 1814981 651
a 1533846 1141003 831
a 30771 516357 387
a 896538 1715154 938
a 1134450 1776231 45
d 7 202368 10
a 465288 1539736 948
a 181965 1351171 11
d 820 500758 27
a 807386 1792949 833
d 1710248 12 1694956
d 1497615 357 1184702
a 698360 74844 85
d 11 1150109 41
d 128 1462343 3
d 1706218 102 1703191
a 1131750 171643 195
a 1605651 882915 731
a 842754 1576230 676
a 1272641 533166 325
d 1587689 84 1536716
a 815785 442344 883
a 1744682 201473 391
d 13 1653943 71
d 3 527663 21
a 709048 358564 451
a 1339772 823649 176
d 35 337225 19
d 399130 11 411406
d 15 1792313 226
a 369157 144597 644
d 834043 333 966644
a 826674 317943 932
d 7 403583 514
d 71 745263 97
d 99 161469 69
d 58 59881 178
a 383998 88647 615
d 1343099 115 1338360
d 829640 45 808581
d 899090 40 912041
d 214 692791 165
a 848684 1092822 59
a 725116 1556792 411
a 724965 434299 194
a 26329 1613428 322
d 19 1573707 25
d 48 1694613 17
d 1503247 8 1495489
a 355474 855494 3
d 160 370986 84
d 37 4532 106
d 992 925752 1565
a 1038176 679691 254
d 52 744977 12
a 895802 1361002 144
a 307350 84719 510
d 998590 44 1006208
a 1010816 87705 536
d 202 1589608 31
d 12 653136 21
d 1015656 103 1070350
a 1473397 579188 737
d 128 296782 551
d 331095 55 346812
d 878220 79 894064
a 939879 19318 374
a 190100 1606631 736
d 48700 18 46626
a 831959 217689 512
a 84955 882714 729
a 317512 183022 358
a 312740 1661098 646
a 220652 1167696 747
d 1572679 23 1561662
a 1012135 302331 714
a 1485687 1105570 610
d 1034499 31 1025630
d 866218 49 873574
d 31 843952 57
a 781011 376612 90
a 1791102 1553254 513
a 292008 540291 589
d 162 228529 93
a 268431 1146721 423
d 123 1370199 129
a 942714 812939 268
d 42 890993 41
d 64132 29 67931
d 23 1118187 80
a 1308343 1230244 432
d 127 1321869 165
a 1132369 1172969 982
d 167 248732 30
d 484 450900 324
a 13413 1569857 303
a 1269418 210277 628
a 1075730 282789 965
a 1159679 137349 158
a 1781385 275079 670
a 523029 853958 332
d 23 91102 19
d 115 1584196 140
a 1039152 1719991 265
a 1212320 963528 761
d 1342637 59 1358581
a 477599 827040 255
a 1179207 455380 286
d 29 1137216 38
d 1296779 204 1453377
d 23 928908 42
a 650995 1071427 939
a 215764 274186 529
a 1512699 762861 726
d 293220 125 374979
a 659551 162121 768
d 40 1333377 16
a 245514 1183038 201
d 1568070 25 1341135
d 28 1114452 107
a 267463 1452487 266
a 587202 779477 457
d 205679 130 181634
d 59558 69 76731
a 1655249 38642 976
a 1487937 963011 641
d 544873 13 555024
a 527607 204209 200
d 1589942 31 1570056
d 353507 19 358742
a 887654 949041 72
d 1272220 13 1120099
a 1215197 342985 568
a 599643 713151 595
a 1805190 43839 384
a 34540 1535730 124
a 935852 948255 49
a 300691 47454 831
d 1224372 170 1235030
a 136756 1092895 138
a 491668 16956 348
a 984281 193774 148
a 594329 529866 454
a 919489 1798980 300
a 76328 702710 206
a 1338988 552857 532
d 1095813 86 1117654
d 50 1185904 61
d 737320 25 772016
d 63489 10 56329
d 67 1179285 44
d 10 1192641 80
a 1763953 451212 981
a 1697843 448531 123
a 1189751 1262505 532
d 956516 39 943407
d 230524 207 88606
a 91553 382985 543
a 1544848 1221866 758
d 1350003 64 1235763
d 1800117 14 1778602
a 885995 1373165 9
a 1330093 908624 110
a 1103 428132 58
a 381525 793606 870
d 29 1709201 109
d 823994 73 780699
d 110311 790 5986
d 1026392 58 1036588
d 1517004 78 1553264
d 926239 56 984741
d 1413043 312 1369020
a 29014 861787 841
d 16 826911 43
a 1304211 358046 203
a 605235 863215 842
a 889362 1255553 628
a 501161 1594524 463
a 580428 1802361 929
d 1349055 120 1284869
d 1251608 591 1078177
d 1052941 31 1031867
a 624973 1172123 44
d 28 1090709 62
a 1588254 178595 450
d 1313752 10 1685825
a 1653737 351927 829
d 113 901335 69
d 563978 101 603301
d 1668689 54 1700923
a 553762 924939 356
d 54 1517982 59
d 586591 24 576125
d 379512 49 362130
a 1668634 194578 243
d 9159 2 25823
a 472040 654903 693
a 45883 852446 825
a 791884 1117112 158
d 958496 38 941212
d 71 1804944 12
d 741643 915 1119179
a 565189 1569133 411
a 822614 117667 837
a 169896 884925 79
a 1713647 1666061 943
d 613792 15 608636
a 786199 1070327 161
a 1331125 1391027 22
a 373807 1027053 742
a 893648 1206923 803
d 36 353650 16
d 478916 14 476774
a 943759 1810102 470
a 312556 635798 906
d 1483246 54 1425279
d 1040362 660 759597
a 1718197 1336046 733
a 1525155 592915 162
d 846729 242 935874
d 926653 300 1062351
d 1058729 16 1045373
a 1390963 377614 626
d 54 203158 44
a 1768353 593062 16
a 1498566 414049 781
d 559598 381 435864
a 519600 692980 357
d 1499763 79 1512971
d 827723 107 781955
a 1276376 393248 389
d 1144620 46 1148132
d 1617435 62 1643336
a 1107497 793004 411
d 16 1533642 31
d 1369206 131 1367919
a 180294 1451710 754
a 1057448 965941 595
d 19 86399 6
a 919646 1016473 463
a 1551931 1368132 59
a 932488 565951 187
d 1637192 27 1686069
d 1085345 137 939768
d 279 1701723 108
a 1450342 935355 900
a 31058 826996 31
a 1671886 241625 278
d 11 318616 20
a 923392 1482724 806
d 1701357 414 1820688
d 137488 10 145482
a 1387005 1394249 115
a 1412854 1370119 513
d 939724 2 941436
d 354837 247 567948
d 214 1461808 204
a 1090937 87800 960
a 576903 92813 850
a 385614 10657 688
d 24 186828 37
a 1292497 1700446 778
d 1752469 33 1775911
d 767938 10 779231
d 17 79349 17
a 1685395 933189 451
d 252 679249 51
d 1599065 199 1611905
d 787 1290655 179
a 1826543 859935 483
d 67 649580 1862
d 167 263510 448
d 39 1261565 86
d 101453 9 98787
d 883618 22 889254
d 3 1568172 50
d 61 1285132 135
d 57 251702 63
d 335910 28 291320
d 1710818 54 1685493
a 428892 1473247 324
a 563663 617154 23
d 170 1203550 8
a 263191 182748 891
d 140 1587172 26
d 30 81372 434
d 1683139 30 1684525
d 61 853157 39
d 19 1473375 327
d 222592 91 161377
d 986471 19 1047958
a 1104688 989198 769
d 76 165779 9
d 36 467898 35
a 909942 1633004 258
a 442026 671196 919
d 865773 20 659238
d 64 1303310 120
a 200153 28920 138
d 26 1620801 75
d 397253 56 370071
a 334259 1297480 28
d 12 46235 34
d 790271 30 760213
d 37 1587487 13
a 1413021 691404 904
d 622 958662 882
a 1611024 64868 173
a 236164 230656 39
d 410 1396177 58
d 49 1042353 100
d 947 1626566 37
a 850213 1540997 811
d 1051939 132 1031736
a 439790 1358705 405
d 11 1142120 9
a 397415 1629529 443
a 1148198 974889 351
d 1465076 24 1508222
d 28 1783803 449
d 752070 27 753808
a 1158975 801284 90
d 1030286 105 991587
a 668019 1338734 225
a 279884 1667887 814
a 480886 1672068 264
d 43 62168 13
d 506955 31 519831
d 1604905 99 1572657
a 1296018 1573698 201
a 1354945 1243177 445
a 887282 166909 572
d 189 599852 306
a 1415510 150599 285
d 60 474543 64
a 30473 258618 669
d 910667 1 908077
a 1308048 735084 482
a 546506 1318452 839
d 910159 11 878417
d 38 1823341 61
d 604948 121 654510
d 1660514 20 1666401
a 1337877 1521081 915
d 10788 7 87409
d 33 1812009 15
d 173 1356161 213
d 13 1520065 77
d 48 1607093 29
d 35 577904 20
a 107379 328537 341
d 53 1380545 126
a 968068 1153118 779
d 27 741292 112
d 664 1306649 17
a 1263256 650160 182
a 199920 1063915 162
d 330599 24 319938
d 90 254486 30
a 296323 1790052 281
a 296936 925654 671
a 1414521 1516216 461
d 93 1666549 39
d 14 202102 20
d 97 1777238 21
a 1010867 153076 779
a 1155854 1428391 665
a 1034704 171017 686
a 684190 118902 482
d 268740 10 275778
a 574269 1526772 584
a 582421 1061005 811
d 137082 98 49670
a 1557754 562314 731
a 976163 1347293 707
d 92 1743878 16
a 80653 741839 26
a 65951 261511 663
a 1249257 1707418 835
d 52 1099338 32
a 1804623 991389 745
a 662422 278006 883
d 567065 682 335933
a 667924 105016 241
d 1138582 30 1141939
a 1058797 1574449 279
a 809437 629527 19
d 54 294329 41
d 1011441 69 983193
d 675830 9 675021
d 224 644221 36
d 1649 690422 9
a 1204851 890617 94
d 1582171 7 1587791
d 550549 18 552256
a 1504748 118792 161
a 1535422 167939 321
d 1731571 22 1714947
d 135 773644 66
a 324510 1627171 512
a 1273935 510823 837
a 1035163 440377 722
d 1807795 94 1775303
a 1608769 1165234 461
d 102 898473 57
d 123828 41 111802
d 43 1536654 34
d 850075 33 867893
d 1140568 28 1169519
a 641610 695228 679
a 1025576 821194 777
a 1411103 118825 88
a 702368 667497 918
d 12 986382 35
d 265811 90 238241
d 858446 64 861886
a 410988 1800444 634
a 871475 527085 529
d 1431312 67 1416937
a 146195 1433088 338
d 927351 29 935968
a 1382903 88460 95
d 675111 33 661383
d 1149773 150 1185700
a 1593210 1230926 911
a 762387 1334969 995
d 873592 98 882394
d 31 1062759 21
d 1580339 24 1589477
a 620270 1044372 781
d 7 1029580 112
d 56 414253 42
a 877597 722173 243
d 1559887 846 1154084
a 207961 1213128 494
a 1356186 1808514 87
d 60 630516 56
d 683650 22 682434
a 264459 1552799 541
a 1026880 1001971 279
a 1448903 973986 474
a 288857 1654966 568
d 85 1024260 9
d 22 682190 21
d 111 336314 50
a 1640179 1447888 211
a 1114295 704113 862
d 59 1723767 57
d 85 23518 58
a 1625758 1755245 8
a 1413375 498910 521
a 439173 1226751 830
a 641739 1179430 898
d 35 502145 75
a 1140359 1056754 408
a 1032447 118875 676
d 943325 58 952640
a 1796117 1262899 118
d 1366634 8 1370513
a 248184 1476981 169
d 17 417519 23
a 920072 1076061 115
a 1203952 1667798 621
a 799742 1444305 13
d 314618 13 333557
a 1506472 554648 644
d 275 1098084 432
a 503404 150125 869
a 1610881 1688107 428
d 7 1748199 29
a 178689 1196458 19
d 63 787353 4
d 1623753 132 1624682
a 537714 23259 309
a 1043996 382528 273
a 1008029 243023 84
d 15 723129 29
a 285019 695959 176
a 617741 220428 685
d 1422530 52 1385891
d 14403 16 43046
a 977651 534452 221
d 20 1252985 153
d 990139 30 1005064
a 1259513 1591939 623
a 1147213 546956 316
a 1197182 1432658 714
a 1606050 968590 222
d 741 63115 440
a 1559134 73713 708
a 1164852 1013999 1000
a 1307295 576948 834
d 786055 15 784299
d 1100972 75 1143258
d 185 1511308 42
a 525123 1503556 875
d 419123 66 439088
a 1583848 854369 86
a 822328 954922 215
d 1260610 11 1264139
d 171 545668 10
a 1811485 1531706 298
a 35902 1235590 566
d 1705349 5 1702430
d 2 1639144 1
d 214 936617 358
d 119 841516 47
a 1545229 1683000 796
a 957705 1320872 496
a 47176 1650497 392
d 110 64385 65
a 1142110 191403 913
d 25 1267926 29
a 1580280 512419 918
a 1002534 671058 358
d 58 210188 100
a 1473408 587935 457
d 1737541 3202 688395
a 411341 1266115 879
a 883496 693750 270
a 874822 1651157 83
a 335847 1113527 722
d 1178614 574 999556
d 1404921 922 1805419
d 47 1544846 12
d 136 1598383 135
d 1598412 394 1642574
d 65 252881 28
a 1447413 984188 305
a 1458542 9250 645
a 1121004 121337 609
a 1162624 533067 49
d 31 457792 45
a 350157 1219155 127
d 776690 14 772743
d 25 531597 89
d 17 626540 23
d 707120 367 723553
a 672891 1216797 795
d 44 4593 3063
d 880807 186 805754
a 1670531 102139 279
a 128092 1003780 717
d 60 1468636 52
a 1573695 1010410 684
d 776820 49 809145
a 543236 1133560 664
d 1353434 103 1416919
a 1311865 1231569 128
d 33 247077 73
d 168 1404823 124
a 1731174 1019733 317
d 226793 200 143566
d 177 1572790 202
a 46789 964936 784
a 1432445 1807315 754
d 83 101165 49
a 224727 944887 414
d 1 43947 1
a 1465190 549488 683
d 696249 1 720601
d 1333804 55 1367324
d 62 18012 63
d 161 443892 86
a 1542149 698808 934
d 17 706546 83
d 487520 32 471416
d 40 572160 156
d 8298 20 16160
a 731094 1743112 844
a 32276 464374 139
a 623741 1224626 333
a 43647 1417513 684
d 461084 233 397084
d 10 1370578 161
d 81 277987 106
a 350222 1036886 340
d 1814456 59 1824039
d 590079 678 851605
d 70 1329345 45
d 1385668 26 1400050
a 1505197 355618 377
d 292 1450848 230
d 33 636871 18
d 1368691 32 1393710
a 520530 536106 956
d 144818 1 145683
a 1653071 251359 842
a 1649143 834618 146
d 73 333571 49
a 652950 1284177 508
a 70427 667623 625
d 1334155 1078 1041587
d 218 1430256 976
a 1410599 438890 204
a 318411 271241 528
d 1041346 164 874212
a 1339671 823146 940
d 22 1644205 80
a 1660219 1006048 431
d 8 111155 17
d 253723 606 263696
d 4 722237 7
a 1123509 93556 856
d 937 706081 20
a 1807963 388165 554
d 156239 30 156664
a 815648 249013 665
d 723682 13 727453
a 969813 1788692 767
a 1154696 1095250 463
a 1345158 659572 648
d 1260301 22 1246605
a 686107 495495 739
d 87950 73 21099
d 1022652 19 1025169
a 1210291 1430978 89
d 1348068 136 1404836
d 26 1224174 24
a 941566 286479 8
a 701849 1618190 69
d 1108517 218 1106321
d 608929 18 641079
a 1823100 1016703 159
d 46 1791283 157
a 409351 633592 108
d 19 378108 36
a 1719968 1524121 568
d 470 422816 136
a 189874 1807197 89
a 1536437 1816297 482
a 158684 1471149 990
d 575957 2 582571
a 257269 1685861 480
a 608378 1815640 676
d 26 131056 84
a 1639859 61714 741
a 351143 1538268 470
a 978615 278820 969
d 326787 317 237682
a 153337 949262 4
d 9 397571 1
d 106 1071216 69
a 117842 267297 584
a 522920 1473070 326
a 1254779 1695703 310
d 874130 17 860407
a 1394979 223707 197
d 3 860198 197
d 1232754 29 1196078
a 233181 1810242 294
a 957942 1292761 552
d 647718 814 761582
d 6823 11 13469
d 1757825 25 1820988
a 526998 1075422 87
a 1196286 1200963 305
d 37 1051277 1
a 17941 1124861 521
a 81200 1110227 117
d 723165 615 946465
d 25 1809869 175
a 225245 577585 594
a 673829 169180 902
a 1411506 997657 989
d 898921 17 892533
a 945047 793069 363
a 184978 1598702 365
a 1137635 993816 720
a 1001887 723286 350
d 94365 38 76423
d 558975 59 529831
a 674516 1132523 608
d 1686677 10 1672143
a 1749096 1456748 151
d 4 833118 45
a 168930 636485 267
a 916866 106235 318
d 66 887478 19
a 1163014 766211 882
a 956462 1516598 957
a 913356 328125 135
a 355018 100523 903
d 22 1286187 18
d 153 536834 67
d 39 1441135 15
d 88803 62 50802
d 972892 54 959685
a 528285 28013 717
a 724716 380053 984
d 31 329869 68
a 1817354 1521315 34
a 1445510 631033 190
a 1060939 1105640 909
a 1038585 1649446 55
a 1647176 1262789 540
d 1069760 82 1066742
a 1464101 168297 962
d 343111 74 348267
a 121021 1236973 840
d 54443 148 79199
d 556770 105 559382
d 1479275 53 1567866
d 857579 44 873795
d 693758 48 702552
d 53 563693 66
d 42 1396636 19
a 1714168 1708380 185
d 1787885 17 1796702
d 1813538 11 1808177
d 1665485 14 1640761
a 1589620 55587 907
a 1534121 1323892 930
a 1446702 903892 550
d 581453 7 571792
d 8 178820 70
a 1013997 316760 7
a 922521 971075 858
d 1414083 1032 1766405
d 220753 50 215579
d 737725 17 737723
d 312 1331739 38
a 207083 1264635 196
d 924679 40 931387
d 1271408 36 1293197
a 1230032 1361134 612
a 469672 1402370 670
d 11 499735 23
d 220 874402 25
a 335428 486989 788
a 1315819 449928 449
d 77 1381408 52
a 1220489 990334 337
d 133 483247 587
d 15 1588112 38
d 22 159891 34
d 538608 156 535546
a 1296471 687227 488
a 1045480 1524260 492
d 1751508 54 1766309
d 1722394 58 1689542
d 949696 108 933235
d 118 346904 355
d 1687021 288 1775069
d 467971 920 686587
d 156 1305212 161
d 1560027 16 1570239
d 1666686 34 1634503
d 8 856320 6
d 1237583 63 1237575
d 46 295060 14
a 167432 348273 82
d 7 190493 26
a 1472425 1111500 842
a 815347 326281 82
a 1308597 1474098 144
a 443610 1042964 702
d 179324 83 153447
d 1812716 71 1822049
a 902350 1069370 769
d 1563821 107 1593815
d 113 274641 272
a 497329 1242355 709
d 16 252504 43
a 1158409 248074 608
d 48 1652731 222
a 832847 996725 942
a 416843 653041 348
a 1654388 1464799 960
d 2 691256 486
d 23 969614 20
a 852425 1068650 637
a 1361379 371652 149
a 912197 1179349 385
d 1499904 1282 1761750
d 241 1346206 45
d 1720092 31 1706869
d 5 1567295 32
d 1440299 189 1266958
a 1037548 901489 807
d 6 837352 6
d 516410 50 652548
a 51039 145653 803
d 427028 21 421799
a 1233757 771772 287
d 720093 88 765625
a 1015795 545660 490
a 537176 1691206 833
a 1069384 1382953 506
a 1402894 1364459 600
d 566043 8 569929
d 1087415 63 1120697
d 699110 28 620076
d 163 1550847 20
d 1602805 17 1514204
d 1049305 77 1264711
a 72756 1789792 354
d 14 193552 27
d 951798 81 1137918
a 918021 1308198 535
d 1013575 18 1021150
a 36859 1180623 962
d 557 801440 137
a 474703 1811291 845
a 514781 181093 486
d 40 1560402 230
d 46 715815 48
a 1550471 439932 573
a 1321236 1304496 993
a 1261941 1547649 525
d 20 1283107 47
d 4 416791 26
d 619954 88 656319
d 653043 78 737766
a 838150 611819 549
a 801610 1047304 595
a 561257 106258 273
d 641510 263 756943
a 168992 1134968 582
d 1102537 361 1625179
a 227241 938355 598
d 952745 14 990899
d 50 1118834 22
a 1238400 1545932 515
a 382405 1793786 196
a 769305 472172 462
d 3 531285 1
d 254910 46 403178
a 1487772 985557 965
a 1191220 995840 331
a 1697280 658302 176
d 64486 3 58625
d 650655 20 669628
a 637897 1289530 554
a 135304 811529 96
d 850933 120 873543
d 53 538798 23
d 25 1029229 12
d 488827 133 501920
a 1302043 223673 707
a 667057 341909 518
d 39 183296 151
d 1018539 292 1276435
a 1587123 437682 701
d 272 283434 28
a 833087 577857 854
d 1444815 1112 1779179
a 483309 342172 235
a 838281 511986 945
a 1732501 352676 749
d 19 148905 19
a 664079 1773659 288
d 462622 29 451000
a 1215542 1241775 273
d 32 1096037 27
d 1804204 33 1820094
d 1400272 34 1400701
a 22824 1274055 667
d 759350 48 745609
d 33 1336993 23
a 793510 530834 542
d 1342450 72 1308909
a 1240160 1204888 117
d 1193098 39 1191777
a 1745868 1713686 890
d 21 52290 19
a 1125167 1381841 446
a 299310 1014630 428
d 1351482 107 1494484
a 293106 1093585 489
a 177505 157512 658
d 97 563558 47
a 1301868 1725237 900
d 578367 7 580548
d 857928 81 565475
d 37 1558437 231
d 73198 87 103386
a 1532956 688407 206
a 916631 316752 561
a 457741 946623 19
a 466577 148219 600
d 188284 231 99037
d 42 1736035 31
a 101652 210642 297
a 1716799 17885 8
d 1334641 6 1344040
d 1268861 14 1262264
d 44 807411 671
a 1755739 1375393 764
a 490113 630837 990
d 15 18778 116
a 29694 373543 799
a 1331141 1730445 199
d 1396643 7 1398396
d 165409 2 169636
a 1031241 1376899 894
a 482777 1002901 619
d 17 752013 283
d 77 351846 111
d 20 405845 24
d 854793 65 850517
a 337009 136079 701
d 216 1228726 59
d 1473259 10 1469685
a 1170957 317924 929
d 355804 18 292237
a 617229 1070256 77
a 145091 1002775 607
d 103 1627882 94
d 854727 209 824561
d 28 193942 205
a 1598476 1195070 326
d 339097 15 336164
a 28311 1101154 12
d 1225116 226 1339114
a 1753089 1332778 171
a 334106 704908 563
d 237160 74 295691
a 449832 634068 621
d 56 1404184 27
a 566106 1017354 421
d 43 1432010 66
a 687723 1692757 549
d 1359064 20 1363228
a 484154 182756 482
d 10 1685922 10
d 31 1520930 51
a 1329874 989628 889
d 106 1741019 3
d 41 633221 52
a 965603 1649302 683
d 68 730521 59
d 1646846 85 1619770
a 1362168 418065 827
d 475 669015 238
d 58177 63 31413
a 170611 1791964 859
d 265 358003 96
d 6 441192 177
d 396891 8 384019
a 1518709 341640 499
d 270 137271 43
a 1571958 1548339 548
a 357089 406531 36
a 864447 52089 350
a 1534466 864822 936
a 1296466 1561433 139
a 469259 464372 879
d 574994 25 564200
d 17 642305 21
d 1525362 90 1487102
d 487369 100 529559
d 197 34681 64
a 1664065 264812 150
d 30 375003 23
a 1448075 1014121 803
d 1472551 14 1457970
a 674092 1630294 968
d 856094 259 972666
a 129084 85031 496
d 624975 146 644099
a 1777599 799396 251
a 611511 58104 229
d 393881 31 391300
d 899 589470 183
a 196330 1065800 435
d 484 1264846 6
d 8 10641 37
d 9 1503187 38
a 1360890 1497284 983
a 956313 729889 374
d 61 798042 361
a 1004924 804724 340
a 1788836 532916 835
d 25 279422 138
a 16774 1036121 734
a 1106435 1418202 206
d 2 710659 19
d 1157208 177 960905
a 205141 873865 348
d 1723576 1044 1651984
a 637481 1130203 250
a 770666 420362 498
d 767407 132 543208
a 1602282 354288 762
a 1485460 1655334 833
d 721282 44 689349
d 36 633409 66
d 15 901230 11
d 18 763388 102
a 140995 1444490 206
d 1770860 259 1821809
d 22 969423 41
d 41 46170 20
d 1419893 263 1120431
a 898450 13222 784
d 1382117 118 1331940
a 1713078 1105657 765
a 508536 122539 665
d 1036635 29 1066284
d 1383409 23 1435337
d 95 1649360 46
a 988045 1044849 558
a 1746971 1328309 888
d 24 824761 36
a 968652 1060126 920
a 891710 1186386 299
a 1717300 1156794 815
a 1456005 1622029 713
a 327614 515632 733
a 318615 566579 171
d 17 1609995 51
d 69 745999 170
a 574824 1579197 527
a 1444004 1407481 930
d 675195 14 655890
d 92 295164 50
d 7 362716 132
d 38 202742 212
a 1219301 623944 108
d 139 1149134 55
d 22 1299613 213
d 31 865129 179
d 1163586 133 1252479
d 34 1778048 14
a 1366488 764528 424
a 1688724 153656 182
a 950061 801179 153
d 1472684 166 1402887
a 397540 1445833 325
d 22 220797 22
d 142 526189 19
a 834572 264622 763
d 45 1404617 70
d 13 592610 20
a 684083 1799203 989
d 3 244742 93
d 39807 43 24151
d 1387188 574 1639903
a 551237 873320 667
a 1001621 1530623 807
a 932907 1227622 867
a 1505153 1333236 496
d 675695 24 627969
d 82 820625 16
a 597613 139806 446
a 59397 1521960 690
d 483847 84 513529
d 47 1048383 22
d 57 1821418 10
d 110 531898 38
a 275832 840296 723
a 1651767 1341913 260
d 4528 4114 1175143
d 22 256829 68
a 414589 63314 479
a 1317312 83036 361
d 1052139 21 1063193
d 68 562982 2473
a 100816 470074 589
a 1367472 323699 448
a 532957 958084 999
d 24 401527 28
d 273 781340 377
d 23 1646478 15
d 57 1264553 34
a 1097592 271644 788
d 355629 27 362953
a 1741941 1703168 425
a 271308 1662035 933
d 34 592620 51
a 1710627 602802 549
d 1189317 64 1181368
d 42 62437 93
a 291872 186095 403
a 635223 1400731 444
a 710949 1306453 42
d 403536 154 471964
a 958475 785878 187
d 1658093 25 1634352
a 651704 1184781 829
d 704462 5 699480
a 534881 1204519 194
d 1 772813 2
a 1579179 662691 542
a 1741598 269639 416
d 47 480828 7
a 1102625 1323508 141
a 605363 477751 704
a 1173718 616470 855
a 985786 177922 478
a 623525 84059 954
d 276 270884 400
d 13 421524 18
d 885843 35 872783
a 1216365 1234173 951
a 70488 316131 606
a 356944 1165012 685
a 584249 1259239 242
a 1345806 1258286 38
a 1682889 1095061 705
a 1169388 117593 290
a 749816 449640 570
a 242271 1547874 263
d 1265482 170 1201542
d 136794 30 123899
a 1629954 716223 695
d 75225 1 197514
d 191651 79 173594
d 75 705427 354
d 618929 21 618930
d 32 1095482 240
d 1723619 36 1721525
a 1603383 947306 167
d 55 145690 65
d 179189 57 121856
a 1716129 1018126 481
d 293403 1615 560623
d 116 126938 140
d 1144325 542 1151396
d 21 1807320 38
a 751535 751651 677
a 504719 1573027 910
a 464506 1155297 30
d 1632479 762 1385789
d 18 525250 191
d 1524964 33 1540403
d 552800 35 547536
d 138066 21 118923
a 1319874 903762 514
a 38703 149933 596
d 571288 99 610101
a 937103 973897 956
d 359 917481 370
a 1497529 386376 483
d 881729 17 877943
d 18 467084 21
d 468533 16 486022
d 962633 109 956552
d 49 362100 47
a 1324764 912093 586
a 860405 354612 328
d 5 1338827 48
d 25 1649183 421
d 72219 471 313832
a 671735 1554871 682
d 91 587397 45
a 434124 933381 150
d 2 285270 27
d 222 708142 48
d 304543 280 447275
a 1529840 130228 708
a 1110029 1731517 499
d 725446 30 740215
d 6 1164373 38
d 1083414 39 1101255
d 60 531129 60
a 125474 516145 911
a 1038132 378840 255
d 1191051 130 1144591
a 234244 348362 833
a 345321 293559 775
d 5 300146 135
d 1100207 266 912912
a 1055015 1096593 270
d 61 1719214 23
d 1826553 57 1813890
a 1810095 320444 644
d 58 1299840 112
a 1420227 681353 461
a 793603 494162 1
d 532179 148 551382
a 1611081 849005 189
a 1287212 1218450 890
d 1575588 17 1571296
a 663187 1757944 669
a 1040089 1708795 235
a 1194293 1478336 422
d 723934 63 757514
d 642068 103 684230
d 30 905751 69
a 624610 1192217 721
d 525 1366404 244
a 92508 314000 444
a 643411 1222195 338
a 170783 790764 989
d 61 1199469 22
a 974350 632431 823
a 1191103 245062 112
a 761679 522152 243
d 689596 15 695093
d 43 696890 22
d 576 1684236 23
a 294020 1521219 482
a 308913 1783730 838
d 82 265460 29
a 371669 1813346 339
d 856509 135 694243
a 1352582 525840 810
a 1375580 1611677 489
a 1367217 1711694 630
a 1678485 732206 754
a 535393 912391 644
a 372043 659675 908
d 723719 85 678058
d 1625952 60 1593925
a 1147833 693926 116
d 90 208973 24
a 1250075 1630577 416
d 42 1079435 124
a 1118388 1196023 231
a 1611876 1398959 502
d 91 659909 35
d 1766700 113 1822414
a 298748 655346 745
a 41101 1157850 852
d 971789 132 920885
a 1337102 410994 654
d 823323 56 803208
a 38259 241025 144
a 438931 1732309 138
d 277533 38 314241
a 1555959 1043890 109
d 669 498885 821
d 1230725 93 1217396
d 1237691 60 1337297
d 1018795 19 1010341
d 102 216175 69
d 995187 108 959697
a 1509997 1579767 483
d 847823 32 886857
a 1633276 1168205 133
a 1714323 628797 237
d 460195 112 493810
a 1803295 1054998 66
a 40368 860512 43
a 59771 845098 300
d 267652 33 269030
a 487832 1742645 276
a 929726 813074 53
d 1262716 18 1297517
a 506886 1148465 54
d 22 1453111 21
a 1725338 16396 431
d 1820126 109 1673840
a 1640464 32853 643
d 207 366441 75
d 60 881518 226
d 417 771828 410
d 325 627611 951
a 1725462 398794 113
d 25447 33 89050
d 14 1579324 26
d 1309990 68 1309589
a 1438341 1542625 22
a 679103 989656 862
a 1168702 1637232 141
d 614980 28 614103
d 1145759 46 1148418
a 863898 877410 711
d 1085 1312426 106
a 234911 33061 543
d 91 69549 107
a 1291901 1479243 240
a 392724 845917 552
d 248 1712090 61
a 1793103 1371350 222
a 194428 853500 258
a 572152 1108148 219
a 1617984 1537856 506
a 1403891 21814 766
a 1111983 900991 38
d 76 474290 43
a 992443 654402 452
d 11 24327 29
d 1310395 1423 1747089
d 80 693129 50
d 467209 170 4802
a 1823762 1448006 208
d 1645931 181 1568282
a 1745777 167336 856
a 1562277 985447 847
a 46842 1223104 809
a 275103 82867 575
d 142268 168 196688
a 224239 1573368 689
a 984808 798546 248
d 104 4565 30
a 837270 832778 50
d 4602 705 489487
a 47290 810629 17
d 24 28349 65
d 67 271637 68
a 1826240 485210 589
d 726732 66 713224
a 984169 1179429 205
d 19 1140788 21
a 1011917 401638 686
d 1550457 64 1575020
a 838009 1459740 244
a 20732 1531615 564
d 439 556588 63
d 63 429339 30
a 778779 973003 187
d 1812696 57 1804384
d 1822565 108 1683301
d 422297 6 272554
a 213048 429748 90
a 271539 178871 428
a 524670 1458561 484
a 750783 837146 186
d 18 1246436 63
a 1361726 1562233 761
a 3832 1012837 619
d 54 515020 92
a 1621133 1157798 823
d 65 956840 134
a 983346 1548827 748
a 430305 1056330 583
a 1568626 403475 33
d 26 1726023 20
d 324 1602910 120
a 897179 1176213 51
a 747353 1515378 502
a 1545728 1640337 95
a 538122 446156 347
d 920395 157 887904
a 738921 1109134 501
d 266 1413323 467
a 1575869 728927 187
d 188 1636252 123
a 664888 1582601 224
a 908795 1404219 977
a 706804 1097964 964
a 1670943 1528552 118
a 1584470 819863 967
a 1391073 191677 211
a 1100404 678726 993
d 728478 256 890362
d 344405 15 340459
a 65470 1599155 644
d 23 1392377 11
a 617052 1069807 518
a 1358252 1224448 689
a 1115732 1476014 510
a 980983 1567142 899
a 859355 584135 222
d 70505 283 7240
a 78540 283633 247
d 8 450835 20
d 377992 7 381917
d 862915 48 854905
a 987641 1132469 120
a 562347 72358 729
a 329159 1128992 68
d 5 1466644 175
d 17 672986 22
d 349 1548748 29
a 710421 619948 800
d 65 1200168 105
a 1500371 270286 398
d 48 871457 860
d 612173 14 634091
a 628028 172537 820
d 1562562 27 1171507
a 694256 325241 601
a 1409334 871254 160
a 957298 1302761 604
a 1346829 1060541 76
a 1277225 966249 999
a 1451394 182417 472
a 223625 1502288 217
d 27 1692451 29
a 89880 276743 812
a 76675 1737795 576
d 2169 226596 122
d 68 363290 83
d 532650 82 557406
a 30099 483316 442
d 13 1560043 15
a 1561835 1599345 702
d 1009354 168 830887
a 1286967 966794 723
d 120 39355 52
d 966955 69 966497
a 321477 1310557 832
d 1317600 13 1298746
a 1031483 1724083 653
d 34 135539 186
a 1116539 1451353 724
d 4 1674907 2
a 958791 437819 961
a 570162 1190564 684
a 191006 384659 334
d 1764180 49 1750196
a 228089 383801 87
d 25 309185 27
a 1120603 596632 376
a 978142 222411 120
a 685768 1662682 119
d 13 549020 2
a 1639709 1482194 657
a 914241 1777254 275
d 23 885418 29
a 1254790 1795509 389
d 12 275934 14
d 15 1498287 42
a 1388627 1321084 438
d 1683382 56 1683382
a 1503036 155873 210
a 1058176 1438802 580
a 1660071 1188146 526
a 1072339 1178491 791
a 1783177 1347547 381
a 1356380 432526 198
a 55413 716266 371
a 1328027 1628302 137
d 377 211128 168
d 400177 37 424181
a 298451 1814442 45
a 1141616 1378649 870
d 1308221 73 1297878
d 21 780750 16
a 1514124 1144072 676
a 564325 481613 141
a 1719217 1238145 22
d 1420674 46 1443757
a 213760 1746927 438
d 1732510 27 1716841
a 553395 1599234 676
a 278898 1205151 409
a 1565270 286293 163
a 316430 499108 664
a 1790295 1403039 446
a 228545 134627 461
a 1040779 1482304 253
a 46526 986426 466
a 1431888 37753 476
d 8 1052028 38
d 717372 2 715428
a 745799 20045 653
a 501007 1401507 59
a 1062129 682054 364
d 92 843030 45
d 1465570 35 1450280
d 42 562786 57
d 1636623 39 1646344
a 1477266 1760405 906
d 70 1213282 115
a 1722375 620277 724
a 1194260 149637 255
a 1561572 117737 268
d 258 330711 511
d 1770200 20 1682945
d 201219 10 260406
d 264849 15 8052
a 87135 912292 478
d 12 952453 129
d 1767775 221 1820051
d 927387 39 906972
a 116502 982141 363
d 193 1408482 3
d 112 1118749 124
a 1790459 943787 442
d 427902 958 556238
d 1214990 77 1233945
a 1797520 865361 523
a 1675840 221461 272
a 139052 270808 243
a 1033466 858263 94
a 1331831 1471968 949
a 313413 1776546 867
d 49 1427077 92
d 1098 890153 29
d 1621479 62 1661970
d 1151071 14 1133566
d 1351122 60 1371623
a 330107 242056 10
d 401812 56 340335
a 327629 1055830 874
d 148673 59 144841
a 898229 1638468 830
d 14682 102 67544
d 955325 219 946034
a 1225374 1168464 104
a 1201705 16072 932
d 40 1173210 37
a 690525 1668072 687
d 299 317327 3
d 45 101490 75
a 1699544 445190 651
a 1195115 844259 795
d 166841 564 8875
d 124617 27 145872
d 198568 91 192893
d 81 1241290 6
a 1709649 274680 894
d 42 379062 72
d 68 693849 46
d 17 306088 93
d 1004046 27 1013080
a 1205189 1824648 41
d 104 310536 18
d 13 1304800 34
d 37 629696 30
a 786890 646656 877
a 1561663 1520487 970
d 462893 8 465025
d 228 1774430 21
d 147 6507 2
a 1149496 96033 817
d 49 420747 48
d 397943 53 382890
a 1079003 936640 852
d 862304 529 674310
d 654005 35 742585
d 34 1383630 23
d 512681 4 512680
d 1264067 44 1290259
d 28 1399235 28
a 1007159 964946 953
d 3 532172 3
a 1620756 998186 896
a 395646 829867 624
d 1282962 103 1187217
a 1137029 1787918 803
d 551 1242185 29
d 1097740 779 1088706
d 7 720644 78
d 31 1803021 25
d 74793 5 66437
a 622141 1592069 956
d 963166 92 995399
a 1367419 166716 410
d 42 884108 39
a 1318296 1721504 832
d 1060367 17 1063278
d 97 844157 19
d 1820739 270 1759976
d 257541 13 237800
a 1623085 1664451 43
a 423199 1476049 621
a 330765 980799 272
a 968783 919808 889
a 1521039 399106 72
a 937497 34881 103
d 692 1253603 881
a 1516193 836101 770
a 70782 460754 71
a 986216 810275 103
a 708756 446438 32
d 503904 38 262750
d 14 433693 14
a 841744 26055 333
a 1765733 273602 805
d 250 1671490 195
a 978000 135271 567
a 916021 250719 878
d 106497 159 196778
a 1353660 734814 966
d 961220 58 950521
a 306194 1542648 367
a 1171007 1568684 896
a 1432009 1389617 496
a 48711 443268 465
d 599720 84 1151628
a 1328220 1648268 690
d 1579821 301 1695810
a 903349 97026 422
d 20 1147710 148
a 1452237 573768 833
d 174960 197 107589
d 78 908475 23
d 65 573453 15
a 362441 804082 53
d 3 608408 24
a 1709363 797615 575
d 1404531 68 1462560
d 202 839470 120
d 400475 18 406235
a 579349 1319935 251
a 424668 1028102 759
d 28 1385178 59
d 1491188 64 1471637
a 970100 1531237 282
d 289668 374 139050
a 22475 652500 934
d 19 711846 44
d 44 870811 49
a 465310 319602 525
a 53193 784830 753
d 209 678810 129
d 11 520829 5
a 629245 67672 114
d 1664679 84 1615227
d 239 1378377 320
d 10 1192466 24
d 1513 808768 35
d 1454261 9 1475025
d 71 1428786 226
d 360583 107 378424
a 859982 1416781 572
d 1490851 24 1481238
d 15 987722 72
a 1554616 192892 412
d 1680159 22 1681474
d 21 196147 212
a 1487063 99205 744
d 1223975 31 1226080
d 1086070 76 1136489
d 614631 39 671228
d 33 742500 41
a 301972 1753474 760
d 1563590 13 1550846
d 1820381 33 1820417
a 1811672 1753753 395
d 724103 296 735849
d 1423601 60 1374686
d 207330 15 199169
d 811227 64 786239
d 126 158024 6
a 316527 183060 385
d 40 538281 87
a 726276 705923 919
a 952713 1286346 271
a 1723032 1453058 478
d 587477 31 605481
a 1424847 460921 664
d 20 29563 4
a 1217226 522350 938
d 43 1180924 26
a 187524 1276393 269
d 25 1139420 32
a 1486388 305058 957
d 5 5327 181
a 741655 415096 381
a 1004969 1243001 853
d 5 1824063 2
d 538652 193 494646
a 1786030 283766 16
d 47 144323 64
d 14 728892 47
d 25918 73 18801
a 197553 1119859 380
a 1338318 1240185 876
d 63 1421631 27
a 324475 1520924 651
a 887300 655709 35
d 4 834172 6
a 1652187 649222 302
d 519094 1604 125379
a 1600420 75912 127
d 1670447 135 1638362
a 611241 1417987 60
d 23 357724 1987
d 1356710 58 991946
d 1561844 295 1558386
a 584915 1456876 196
d 1794767 62 1618187
a 1678543 1131022 321
a 1610086 607025 565
a 1472565 297036 686
a 1560289 1526392 215
a 226392 588431 471
d 673855 35 646864
d 1773757 78 1790186
a 1503329 1145605 294
a 766521 833149 992
a 365545 31381 325
a 1313105 578193 818
a 101320 803683 113
d 1147794 31 1163584
d 252 297395 472
a 902533 327169 556
a 1535350 455863 141
d 835146 53 851244
a 347291 576921 100
a 488663 1483179 699
a 960958 606215 785
d 36 231967 35
d 1823342 274 1586598
d 788276 183 880699
d 78 1749312 22
d 58 1820186 95
a 1624219 856654 984
d 73479 159 14811
d 76745 92 29022
d 668781 17 691467
d 645748 45 634720
a 1044357 395545 378
a 954420 539967 104
a 27479 1193221 715
d 148397 38 93029
a 310410 417247 199
d 157 731680 94
a 1432009 1149398 278
d 188985 14 198539
d 477605 38 472383
d 23 178713 47
d 18 1568605 58
a 1327550 622245 861
a 1620120 188414 927
a 1686808 562864 907
a 1294621 1652072 997
d 1041151 246 789113
d 289 1332937 114
a 525614 1064923 352
a 338786 9554 187
a 727123 430635 51
d 57 944918 22
d 461878 40 406480
a 1277880 761125 323
d 362 770956 252
d 58 1055875 97
a 755852 614438 784
a 676773 1716577 703
d 1525922 89 1502300
d 1577274 329 1679108
a 970228 1572607 873
d 61769 26 67277
d 1795181 40 1812117
a 1098785 1098216 648
a 764414 300927 529
a 16529 776635 312
d 142 161326 70
a 703504 1661599 126
a 691421 980173 31
a 1342262 311062 892
a 1432803 383728 865
a 144911 1828028 280
a 1508908 745222 833
a 1221020 979248 939
a 1055520 769251 956
a 1382865 1141291 414
a 1149447 1456192 473
d 1048072 26 1029681
d 35 1228183 635
d 1606855 82 1564475
a 1386279 1069004 641
d 135 1438367 128
a 1398183 405092 861
d 232697 243 291959
a 557353 475699 333
d 292076 2 291208
d 233242 59 233648
a 1100787 571059 575
d 26 723880 16
a 1103031 1599421 144
a 1416782 567482 291
d 355607 15 346137
a 971272 445358 166
d 7 765512 29
a 1091982 748907 91
d 130467 170 193253
d 100779 3 96406
d 1790526 60 1783618
d 68 970086 210
a 103215 1720209 143
a 402054 86179 186
a 501681 1812059 82
a 1585774 868794 999
a 1650683 1063922 989
d 4334 2107 98
d 1137063 20 1171608
a 1616475 1124937 317
d 69 6080 338
a 327769 433513 700
d 1806990 30 1822868
d 66164 7 61052
a 1051843 1366962 986
d 461167 29 484002
d 67723 58 101308
d 1582084 18 1586000
d 191 1188654 13
d 1646016 398 1649508
d 81 426603 51
a 538372 847934 177
a 920644 1723962 352
a 1027738 78047 988
d 208 211964 551
a 236001 391232 889
d 456 1706498 19
a 1127463 208061 639
a 1501447 1125059 643
a 373362 1371495 327
a 1617666 1477228 987
d 168636 9 149227
a 1195769 400617 836
a 694479 1334659 933
d 1274325 10 1509952
d 22 1196974 5
d 52 1026459 22
a 1397953 1586560 932
d 1516719 109 1476378
d 353512 84 355288
d 306 812293 107
d 40 748032 24
a 1781689 1240099 389
d 58 1797255 63
d 21 1352064 5
d 5 1749661 4
a 1667245 1025953 771
d 966428 161 963303
d 48132 12 77371
a 1686083 66486 759
d 1399614 4 1394456
d 1396541 1693 1268795
d 63 1765535 47
d 1145653 121 1226251
a 73067 1377480 946
a 85658 358935 46
d 1139629 28 1134093
d 1733617 76 1703461
d 580994 15 582314
a 1421377 1089752 640
d 1375286 150 1458065
a 599051 428436 150
a 1057079 154779 677
a 188420 182853 990
d 595968 162 521630
d 211 707950 57
d 5156 339 187212
d 1414399 11 1406610
a 1391458 183725 99
d 21 513717 20
d 29 1201438 250
d 287 671487 65
d 1101864 139 1036036
d 311 40010 88
d 71 1624036 559
d 114 371914 164
a 595965 1238925 288
d 1822680 148 1795882
d 26 1424698 50
a 935436 1781177 57
a 1231619 718699 216
a 672082 122330 638
d 1 1764813 22
a 704470 1536522 408
d 77 89607 36
d 1314235 27 1375440
d 73 1255819 143
d 1800364 329 1683295
d 326206 18 341060
a 913489 868063 280
d 129 1443667 25
d 23 1376176 22
a 812772 1645684 445
a 309623 1171547 806
d 1348166 18 1368739
a 223869 362632 434
a 1785491 1613499 236
d 68 742144 91
d 74 535634 39
a 1739410 805674 99
d 66 1728021 179
a 96104 1495209 715
d 2 361436 4
d 1642246 121 1644476
a 135495 728776 98
d 611918 46 571788
d 14 995228 20
a 1314362 1569885 672
d 78 212929 307
d 534515 100 516307
a 1525225 291666 601
a 998433 1521707 799
d 384217 21 377274
a 336688 681088 292
d 1400258 22 1406714
a 161822 898854 676
a 748933 1269809 2
a 1400778 1316022 957
d 1380472 1 1380044
d 653303 154 574760
a 205272 827724 507
d 40 1521868 52
d 81 1078995 57
a 1822141 1368941 792
a 1319742 841353 767
d 934395 39 895330
d 1450179 220 1395222
d 471444 33 464367
d 1367814 18 1376048
d 116 6280 46
d 712775 45 676728
d 1763342 74 1812013
a 1022886 1611582 667
d 997544 775 662691
d 205 1457639 19
d 1146062 122 1202421
d 35 499888 33
a 249193 854149 655
d 70 257884 103
a 1114449 1812967 1
d 287 258315 554
a 106369 323380 307
d 453 1163805 256
a 1319525 536493 847
a 248782 1278016 889
d 258 1410432 277
d 1065677 40 1065231
d 14 1290667 18
d 39 1642730 58
d 26 156770 594
a 539685 1722036 4
a 1738276 828758 238
a 685159 1334667 118
a 1014348 1283173 665
d 15654 18 7408
d 50 1517439 32
d 468070 33 455032
a 1228141 597233 162
a 798280 1018778 925
d 868443 65 905255
d 230669 185 15457
a 144989 250623 932
d 297583 70 297584
d 9 1305306 129
d 659984 41 659994
d 1627242 13 1626310
d 995060 21 1004329
a 792084 339649 965
a 1055371 381403 270
a 1124462 62650 827
a 1356643 1499384 644
d 1528805 154 1517395
a 1457946 379855 418
d 937464 126 934933
d 627523 43 621782
d 1407703 55 1346499
a 1556249 292094 188
d 1401122 9 1405424
d 277 1341513 107
d 1623197 130 1606206
a 631602 342233 490
d 8 969832 10
d 60 1664868 68
a 903230 614114 522
a 856665 399369 612
d 1 536173 54
a 1663674 595231 278
a 1540391 1767287 573
a 1147292 136915 559
d 255 790628 145
a 354835 1686027 937
a 830933 562837 485
d 1573402 209 1542008
d 996303 45 1007639
d 5 597566 44
a 1734568 1400336 115
a 1534161 701467 18
d 180 1782147 33
a 645151 966846 525
a 90417 1308550 198
d 52 1396375 424
d 1193540 72 1230219
a 1669077 992971 845
a 524697 975828 264
a 33121 272162 593
d 327 1725699 895
d 1220287 190 1091073
a 787487 28707 64
a 484913 758894 1
a 314733 1200121 981
a 209378 792562 126
a 541909 671138 389
a 158737 741509 364
a 1330300 764241 80
a 1394142 1433881 26
d 921303 153 997885
d 55 1689778 174
d 35 201313 23
a 308947 1755426 13
a 464261 1209647 260
a 1067513 180156 588
a 559464 1018463 867
d 17 804519 26
a 156200 40904 888
d 411977 501 246338
d 12 1460988 246
a 622724 642942 3
d 304103 39 286918
d 24 1309161 36
d 296 1722924 291
a 1021985 743024 670
d 378033 21 376316
d 37 1144951 40
d 1084282 592 899394
a 68977 1464069 561
d 242 1806007 155
d 1675834 77 1747880
a 1027218 1298568 665
a 1014177 1231813 806
d 1796448 16 1816948
d 97 1422263 73
a 966459 1161939 723
d 44 1425075 18
a 1589284 499578 654
a 1215569 1062656 582
a 1763265 224205 843
a 1088780 684968 536
a 664189 21343 329
a 1548357 1392121 949
d 1694842 16 1694437
d 1478188 52 1484256
a 1755059 681795 235
d 1208288 116 1260031
d 6 1411043 176
d 15 996628 198
a 1194300 1009149 278
a 1708954 579076 184
d 296 345733 1473
a 8162 1341591 182
a 52212 1079876 188
d 348622 455 456752
a 1692311 1115073 615
a 873322 1109109 603
a 712124 354037 8
d 11418 76 98864
d 910 946063 42
d 28 817409 23
d 648 389608 44
a 1008012 1059656 94
a 554483 1671569 152
d 1507 1652593 234
a 257726 1724702 584
a 1691814 318995 252
d 12 255901 24
d 64 1755643 332
a 1795467 996250 216
d 38 706117 44
d 1821898 56 1790370
a 681888 797808 965
a 789352 1804304 254
d 63201 51 5100
a 1568222 66975 568
a 1095003 438382 998
a 1050315 465357 617
a 289852 927482 534
a 323180 11358 746
d 1807304 5 1805646
d 68 1322350 120
a 790813 1552380 476
a 1639240 444940 361
d 1165989 7 1166389
a 481233 1423033 29
d 32 121863 26
d 894074 6 900496
d 52 462619 63
a 664038 1540270 259
a 819807 1471172 507
a 672600 555543 974
d 47 1053269 35
a 1642467 1718651 569
a 895798 1781687 964
d 109 1664108 43
a 569059 1213802 568
d 13 1283953 13
a 1600804 520948 84
a 758242 121595 222
d 375093 39 372535
a 1171481 1401431 320
d 894582 1109 586198
a 1464760 38980 675
d 605897 1 823449
a 583180 697790 682
d 122 200140 178
a 1580533 1817851 113
a 58854 1318904 297
a 977216 1610571 185
a 1485331 1099595 79
a 573682 393862 702
a 103162 291364 355
a 322250 218199 133
d 153 607915 397
d 644812 642 38845
a 404628 356190 390
d 412888 58 361283
d 29 77401 8
d 18 83694 242
a 540586 1383597 755
a 1012606 447208 38
d 1712353 115 1695383
d 640437 22 648037
d 8 641785 299
a 343605 472155 865
a 1549804 711270 60
a 1046627 1732207 21
a 475556 169677 28
d 8 958729 7
a 1607280 21303 347
d 389939 37 374027
d 1113287 66 1089249
a 533464 948973 935
a 801074 1616631 16
a 501027 402343 215
d 1333667 45 1297504
a 770820 384334 142
d 1127813 550 1136515
d 293 1800347 58
d 161 1786851 54
d 16 1556486 39
a 823004 1747527 643
a 105228 1730627 54
a 1282466 144776 362
d 135 1673678 181
d 573392 144 529133
a 731236 1691147 888
d 92 1524913 22
d 38 1648515 38
a 440264 945774 19
d 1305243 68 1313383
d 1656813 12 1654692
a 1498825 1746390 384
d 881061 17 890436
a 298433 83906 374
d 1667028 13 1675735
a 1409557 158382 144
a 743172 701575 192
a 1748478 1462419 184
d 1691448 17 1715755
a 812942 543968 368
a 1549213 1735798 208
a 1223888 58347 430
d 58 197693 165
a 1708533 258392 498
a 1727215 550708 665
d 561 1234406 421
d 166 701581 236
d 70 1542127 305
d 132 931842 32
a 1781999 1266344 875
d 1118250 24 1822940
a 1247783 102694 942
d 10 179665 10
d 188 1549553 49
a 742470 701485 237
d 1 1483834 13
d 35 380410 18
d 35 601815 87
a 1265712 6299 261
d 1327 921168 938
a 1466964 1627376 206
d 1349547 59 1303359
a 1032689 38512 549
a 686468 525089 443
a 910653 1645081 201
a 1679176 1228481 513
a 1371930 52801 691
d 41 122931 343
d 20 650013 61
d 249 927678 314
a 1113080 1651728 160
d 1023580 41 1034151
d 887699 1448 888763
d 33 574563 65
a 1055669 732851 693
a 479488 1076528 819
d 972922 122 1000331
a 114174 1008569 958
d 143378 3 71059
a 266834 81779 132
a 846363 722332 683
a 425885 564508 971
a 1753101 1793299 592
a 1403752 546369 865
a 511792 932656 516
d 45562 123 1030746
a 326453 1108127 233
a 922452 498874 138
d 671394 1 675135
d 441 1485353 291
d 64 914437 26
d 408662 193 331415
a 249371 916401 781
a 402889 1262045 568
a 999748 1732759 926
d 16 815798 207
a 428919 337447 298
a 1798359 869427 713
a 303722 1530738 425
d 1654123 38 1642113
d 250174 4 238683
d 609466 9 612030
d 344 36826 172
d 11 1591127 175
d 73 1436451 4
a 1804611 970234 601
a 1235010 624610 271
a 581498 164663 591
a 1478716 550251 538
d 21 343678 39
d 1353472 78 1401048
a 144284 1523928 296
a 130668 1294270 241
a 368353 1013049 59
a 1443755 668883 655
d 1155974 6 1156373
a 793210 779788 897
a 512668 1522988 526
d 285 1144325 719
d 77 1028443 50
d 10 1068826 125
a 1155420 1148396 204
d 874741 57 837266
d 49 1487693 45
d 7 1054959 150
a 136570 1150353 347
a 610202 814590 737
a 366968 1253977 767
a 202806 170172 1000
d 1595372 56 1512558
d 297 718882 20
a 1793623 1591840 288
d 369944 20 344006
d 963467 5 968725
d 1029570 5 1024434
a 63102 609182 160
a 288334 1012214 515
d 1083926 30 1107330
a 1243043 1432035 941
d 627200 92 692740
a 1268184 508400 348
d 97 379553 65
d 600728 38 577464
a 1391238 1193306 359
a 98410 113338 740
a 637545 231122 815
d 90 990030 85
d 337593 121 399831
a 1629736 1809130 494
a 907515 933428 29
a 1024196 1727167 905
a 1549158 841941 590
a 1812328 1699984 357
a 641424 97895 194
d 1674313 24 1678237
a 323439 1781042 139
d 71 345152 18
d 18 1731852 4
a 455871 4930 529
d 76 1315220 162
a 91590 629619 23
d 42 1137578 98
a 1385069 1168646 332
a 1405725 781919 608
a 376355 1101494 15
a 527493 1375036 517
a 327565 1230364 900
a 980721 13061 790
d 26 1356561 730
d 25 405883 49
a 326007 730320 313
d 7 1250841 26
d 18 1440280 151
a 83005 179344 17
d 1 762961 150
d 1227471 43 1260709
a 1348954 6379 527
d 1774057 8 1770611
d 53 1588161 41
d 80 1739425 101
a 696014 168647 817
a 1175764 355386 136
d 1175661 34 1185707
d 1238099 42 1266791
d 127 927850 26
a 1782277 710670 719
d 22 1574952 49
a 700047 60115 789
a 958182 1828388 508
d 1749107 16 1757853
d 135 278952 382
d 8 679817 15
a 782577 120264 831
d 1136968 19 1137836
a 158481 575865 493
a 595778 595288 875
a 301499 943786 730
a 262981 1386983 803
d 162 723399 50
a 541467 409636 922
d 14 777045 28
d 1615208 120 1636735
a 221155 883722 532
a 892661 1687687 764
a 899588 1739512 382
d 317 684733 615
d 1 1349758 49
a 286292 772216 142
d 467876 36 453581
a 1661526 952392 985
a 567021 1089620 40
a 443749 844304 553
a 1672025 1766373 453
a 1123471 1590064 750
a 1522621 1070040 201
a 288587 1293759 803
a 1601242 476760 62
d 367 1358766 199
a 343670 1694927 548
d 25 783544 13
a 1301036 1037406 454
a 341381 1467486 915
d 28 1591434 26
d 1252721 68 1238331
a 1705796 959313 854
d 47 1305269 559
d 474450 19 462142
a 1660049 1274976 492
d 34 267947 768
a 1629611 11864 605
a 1611326 237575 968
a 167645 1316916 700
d 94 655447 203
d 113 1101023 376
d 26 1559377 80
a 1075447 1822189 605
d 31784 51 37481
d 1142881 7 1150271
a 857222 1244092 132
a 265388 1204967 708
a 195137 1482491 666
a 1372653 1605805 339
d 1824148 34 1812097
d 1624674 111 1572362
d 645613 13 655418
a 418558 1149955 447
d 639254 250 528332
a 1712447 319350 295
d 853527 38 811516
a 1745228 129592 180
d 70 778177 36
d 1117226 20 1119398
a 1726838 1710336 55
d 89 757571 42
a 715729 622308 275
d 1090776 22 1087300
d 50 556821 122
d 22 126667 97
a 1548555 174221 827
d 48 1623273 123
d 565405 37 419022
d 48 1065309 3
a 1759170 1626603 38
a 1572660 791028 166
a 681635 940359 501
a 1823677 1555083 765
a 703983 1724572 463
a 873140 886999 437
d 99 847153 22
d 60 1531073 68
d 746744 9 752735
d 103 1440172 155
d 442777 31 447877
d 22 1463890 50
d 196 745230 31
d 719424 1 800992
d 164 552994 2
d 608069 12 616992
a 56428 610771 647
a 21995 1560947 25
d 583851 342 581625
a 1425569 1499482 92
d 80 1398126 380
a 1336404 1074516 434
a 1628508 1802725 967
a 1356337 1311458 356
a 1780208 1276914 98
d 1684148 61 1678406
d 749611 35 752170
a 1346629 96817 533
d 810337 31 816276
a 823722 1783542 339
d 15 864788 2
a 1276113 29638 87
d 337 1201474 74
d 66 1681720 19
d 22 1375283 95
d 15 1631445 97
a 1024724 585065 697
a 1483679 310462 915
a 387253 721448 814
a 1562881 469958 270
a 1500550 1782277 855
a 1319870 1378474 677
a 1022406 646789 638
a 1607118 1552120 849
d 61 1717731 69
d 1378358 183 1603891
d 1579984 9 1597458
a 1297111 1778140 806
d 88 27640 104
d 1015656 22 1008855
a 1015136 780228 877
a 1301137 979700 63
a 823619 220993 336
a 1450686 947245 869
a 1277030 1360787 772
a 953479 1565520 795
d 426840 17 422046
d 19 275661 62
a 1237187 1728083 874
a 1797375 886306 540
d 97 1360507 15
d 25 798718 24
a 631641 892370 912
d 1247230 325 1570892
a 256102 1434779 807
a 57831 1005690 742
d 31 841377 7
d 232445 869 305374
a 708861 1083331 548
a 159177 1120154 345
d 194 71733 6
a 1457961 1691051 555
a 1221256 107956 482
a 1190609 374333 17
d 143 416417 75
a 1260727 38855 773
d 21 813740 31
d 359455 14 407976
d 24 517426 54
a 351525 1667467 103
a 1308072 560640 176
d 1667476 69 1572259
a 869757 2985 334
a 1727579 1229533 329
d 25 1615221 64
a 865292 1432987 538
d 631516 19 626826
d 32525 653 253066
a 294954 1048926 719
a 1629111 333125 34
d 397739 68 364900
a 285053 1683831 738
d 497 1518924 152
d 34 971656 367
d 1418984 146 1366005
a 733460 1306776 425
a 1271983 885666 817
a 893359 1736036 171
a 329719 688691 837
a 654259 912768 585
d 252 488351 31
a 942949 1554826 946
d 706571 181 962919
a 1502397 1106930 798
d 14 901660 14
a 888417 712927 671
d 49 1226889 2196
d 149 475449 569
d 349 1560378 170
a 117828 611657 40
a 682658 120453 559
d 195 203428 34
a 489326 710441 602
a 794298 376866 600
a 681587 664869 476
a 1253910 898364 175
d 26 1144605 34
d 1679287 188 1607251
a 557940 1021658 431
a 1462061 412199 498
d 37 1733080 6
a 1725996 1526573 164
a 483338 479063 586
d 600585 23 612548
a 1443239 1321237 150
a 251842 1070267 873
a 109607 637248 175
d 4 429328 2
a 986438 974099 102
a 1770793 1671944 134
a 1632713 934785 165
d 465728 999 768635
d 19 1314720 41
a 1806654 956440 592
a 1754266 315654 552
d 53178 402 225877
d 25 649005 24
d 583 753327 1276
a 65837 1817117 933
d 74 76087 41
a 155995 1295622 85
a 256045 304577 556
d 354906 268 318949
a 474257 1325811 451
d 155 929480 22
a 135887 1096832 275
a 1014558 1132057 456
d 45 1807399 475
a 167708 1263149 296
d 22 96426 31
a 1438442 798920 679
a 69959 1209288 270
d 27 1069680 40
d 25 977686 29
a 152082 1550935 777
a 156012 959310 436
d 25 620617 14
a 934912 639101 218
d 681 364887 4
d 45 1108418 73
a 106490 1614606 769
a 1346487 1049619 47
d 1358278 341 977908
d 29 1392412 51
a 1578145 971266 702
d 35 927540 96
a 338852 1319979 589
a 1035105 1424442 984
a 1621502 1439130 226
a 288562 76450 751
a 368840 989931 185
d 25 975400 16
a 364860 1519825 579
d 51 115094 48
d 533716 12 546600
d 11 1186971 132
d 7 477985 7
d 1 355769 4
d 1170988 7 1154018
d 1186376 68 1130178
d 1506569 13 1501580
d 1660517 104 1706772
a 1667554 791624 553
a 135967 1800600 288
d 18 1690315 31
d 17 1318301 32
a 487470 65587 867
a 339019 1614051 512
a 811721 141795 75
d 450280 29 444810
a 903559 476815 425
d 1047903 323 1143903
a 1706475 1002080 773
a 683874 1207351 369
a 174998 246559 566
d 42 224721 85
d 14 1686029 2
d 28 1378319 17
d 615162 44 614320
d 347 839324 313
d 1452660 62 1522513
a 834526 28278 402
d 1537003 82 1666848
d 341270 56 337427
d 15 308555 694
a 1272155 1150874 534
a 1117590 1211998 218
a 500174 1212821 879
d 410016 100 378355
d 100 327989 57
d 759925 13 869267
d 1718321 110 1717867
a 1625961 522706 765
a 846616 575667 839
d 959622 151 1008235
d 32 1111171 7
d 33 55050 20
d 31 410204 1945
d 462 73759 280
a 212188 924160 894
d 1211580 167 1252558
d 493427 646 166681
a 1077058 15667 856
a 965757 470260 445
a 1112816 1326012 680
a 44564 1354960 418
d 1032629 11 1027987
a 788319 564359 79
d 14 1207133 31
a 348652 1671486 877
a 520052 1137020 262
d 724259 46 717985
a 1688776 214221 846
d 8 1459071 36
a 1743549 609474 506
d 1740356 123 1527000
a 666690 704992 250
a 956127 237916 515
d 17 127574 85
a 97913 491742 743
a 1236326 197688 226
a 889877 509888 119
d 130127 2 130932
d 6 265988 484
d 301350 140 300902
a 1674525 1493783 937
d 977813 12 961185
a 200386 1491777 203
a 109453 1515709 182
a 193048 868231 18
a 1239349 469539 123
d 12 465859 111
a 1330091 1738528 527
a 446959 927208 748
a 595650 1108600 618
d 89 428424 148
a 1429454 1281894 685
a 555899 1207552 74
d 97 844723 808
a 1384111 1453483 785
a 852995 425477 703
d 1056381 61 1025942
d 12 392584 8
d 570 1671557 85
a 439933 26015 785
d 1818641 5 1809338
a 1700434 84217 869
a 988475 1385392 934
a 1490999 429296 379
d 50 192552 51
a 1445436 231171 859
d 51 399561 38
a 994222 1715909 828
d 11 1443020 95
d 35 1431698 13
a 637476 545646 71
a 1641287 1062140 620
a 836558 1151338 964
d 31 1775870 17
a 442395 1078249 696
d 940909 34 954924
a 603399 412245 467
a 953599 863988 127
a 1451549 676955 343
a 304724 34728 746
d 91 573728 96
a 1731461 941212 734
a 1205084 107306 136
a 1059865 1706151 290
d 1857 1253459 625
a 1053602 754209 522
d 1823603 81 1778078
d 593859 118 617814
a 725652 1417608 74
d 1526436 189 1577568
a 1125069 1452129 887
d 1801652 33 1790518
d 1575241 11 1589890
a 722676 1624911 608
a 465395 19109 718
d 291 1033834 1
a 1765494 160817 485
a 642145 1321094 66
a 874904 44377 530
d 70 1738749 10
a 514610 1372291 499
a 127430 71345 414
d 1608408 177 1702245
d 1664785 66 1738663
a 1035167 945416 699
a 165403 1234965 748
d 175 1403006 366
a 839680 555822 908
a 767672 1571625 164
a 343109 126015 881
d 1040050 5 1015879
d 433482 193 434387
a 795098 1067790 485
d 675283 71 634745
a 804295 351095 398
d 7 1535354 54
a 1144971 577834 266
a 454024 404035 697
d 1360267 13 1374506
a 493106 357718 835
d 1711234 150 1714629
a 1481326 579321 166
d 32 1607253 8
a 1795864 1202149 168
a 1390332 15663 633
a 1800243 428814 192
a 951893 391523 793
d 83 1822178 1088
d 1822629 60 1664999
a 89132 885435 516
a 1354344 906033 410
a 1003900 253279 497
d 98 889937 128
a 406364 259090 812
a 224330 1620435 669
a 1287575 1480940 787
d 143855 14 141375
a 1035039 315997 208
d 1726556 130 1766622
d 231085 33 220384
a 921290 916581 171
a 1124809 25088 453
d 491412 14 501008
d 536 1436794 207
d 155 221289 11
d 62 1134721 66
d 1131550 33 1213638
d 50 1485176 1719
a 971240 1114454 371
d 71 1512946 40
d 92 1802604 259
a 278640 1156933 100
a 578101 1517180 551
a 1122406 1168784 641
d 28 1148134 42
a 109566 774221 676
a 1306889 884068 612
a 117098 889522 660
a 124546 709030 496
d 52 226147 42
a 1453853 1505990 512
d 51591 20 40018
d 369304 97 357255
d 745696 118 872712
d 74 573335 74
a 1640779 1526738 882
d 145 183953 45
a 1296958 739976 980
d 317 865650 281
a 442303 1138026 452
d 1568200 112 1572249
a 343817 1148429 432
d 99 1324067 34
d 974 346007 14
d 798885 751 797992
a 990752 1543019 122
d 1136569 485 1345699
d 238 1555826 220
d 53 1131655 87
a 1565171 1186830 261
d 19 846582 69
d 276764 27 267939
a 1226838 751533 907
a 961657 1304166 706
a 470210 1573047 443
a 113274 1395413 181
a 176183 470367 327
a 1736033 486521 683
d 754444 659 588841
d 991940 33 1008078
a 1803616 346550 139
a 147540 1236242 215
d 265426 296 61069
a 1279440 1043551 184
a 213373 1036240 760
d 7 5369 40
d 1812547 8 1801421
a 866458 552598 894
a 1586988 1715954 324
d 29 685686 174
d 1797666 35 1809194
a 585267 1433187 434
a 355287 81462 701
a 452446 991875 447
a 1638100 431525 590
d 38 1425656 46
a 828504 276548 576
d 63791 26 28639
a 563198 1168164 582
d 258 1373277 17
d 815587 29 848685
a 1571221 777879 506
d 992710 181 1161625
a 1809429 1118261 55
d 101 1215201 380
d 1615530 50 1563046
d 31 1441005 213
a 146194 33576 442
a 947260 1012321 593
d 1217769 23 1227604
d 7 8026 778
a 330012 661675 50
a 1051648 524652 462
d 12 1504120 3
d 588137 103 520595
d 6935 94 68041
d 1616429 18 1592924
d 1569743 189 1438842
d 910338 7 905188
d 273743 283 220700
d 231157 67 306685
a 1805930 1580288 711
a 140246 459960 681
d 30 508995 90
a 1574621 1139778 976
a 1758526 1638708 423
d 937766 44 950087
d 452862 17 454996
d 1656493 13 1699776
d 239835 16 222405
a 784215 1050596 994
d 618430 164 301519
a 339505 1716365 445
d 11 1565230 21
d 121 1321315 57
d 698 1579692 421
a 1617375 1732579 193
a 646626 1232887 648
d 88 1048332 36
d 1735251 208 1589932
a 615655 392919 385
d 23 427026 30
a 1276075 564708 733
d 268 1327416 70
d 20 406346 7
d 110 216393 29
a 1172719 182297 887
d 136 1745127 172
a 1773532 335209 628
a 877897 1575005 873
d 10 834111 177
a 560254 120570 803
d 148 151805 21
d 162 158161 12
d 3 281407 18
d 1649974 174 1669439
a 1054807 640364 460
d 1299852 62 1323490
a 937081 229912 143
a 1590647 1654498 378
a 561379 1302395 447
d 1043421 91 1020483
a 189143 205347 634
d 7 487408 31
a 1415413 357008 647
d 27 35074 56
d 125 470468 87
a 1592039 1162142 248
a 118061 204009 676
a 886340 11138 484
a 81522 943115 571
a 575746 439676 532
a 282777 1642704 617
a 805266 1631048 855
a 1340326 1710555 5
a 1042723 252418 500
a 560794 488514 319
a 990272 308598 73
a 854737 183427 75
a 47850 1788261 712
d 199874 126 204601
d 47 115476 135
d 1323259 180 1249465
a 734310 509747 333
d 1647900 142 1603916
a 489065 1014297 14
d 919142 103 941337
a 676372 611939 146
a 1532794 533327 273
a 1570538 1403909 519
a 1597251 1238112 276
d 22 1550386 8
d 250 1448895 21
a 1132710 1556402 812
a 1489949 1754500 121
a 412699 436184 199
d 1105997 23 1086400
a 1504394 1819147 289
a 1223468 1035028 609
a 1109051 175503 394
d 1076439 44 1059759
d 452141 504 612616
d 369 1553721 152
a 1139951 1708127 938
d 105 250751 98
a 1276350 601621 95
d 56 1223447 83
a 563005 1570439 565
d 592 1499895 46
a 433394 1285894 877
d 2329 1357468 832
d 38968 73 102840
d 56 1610099 39
a 437424 1379942 30
a 727738 960774 295
a 1793632 1539544 413
a 1194132 1645392 800
a 1353954 155286 990
a 1628565 1381191 699
d 8 8190 5
d 1724238 226 1075857
d 40 371747 103
d 35 258250 98
d 175 1229462 167
d 1459617 22 1452914
d 418069 149 477831
a 1203115 913236 206
d 1477731 39 1477333
a 822409 47741 904
a 323578 9737 814
d 162841 185 144270
a 1417750 613567 900
d 31 1771738 222
a 901182 1825855 513
d 21 367464 12
a 1581866 847773 292
a 1426357 1594768 1
a 1482332 620557 185
d 2 1141876 337
a 363050 1257332 912
a 1504455 1469710 338
d 340 1638174 287
d 63 1680124 58
d 15 1693984 41
d 1707689 119 1787632
a 318180 1027655 566
a 994369 1443718 946
a 232504 1220493 840
a 1020073 805795 719
d 220326 600 757424
a 263916 201021 442
d 1553026 11 1559934
d 250 654452 61
a 679528 125569 787
d 56 74989 61
d 157856 40 156631
d 30 752549 133
d 209899 30 208221
a 1253557 85869 894
d 29 1584360 15
a 245791 1293132 841
d 29 1145090 13
d 252 1151038 394
a 412574 332939 269
a 1209731 1283690 249
d 20 1431428 30
d 16 952699 98
d 1767893 76 1821611
d 60 239567 226
a 1603813 1825427 587
a 656749 268129 903
a 1280224 1225320 463
a 1024162 261706 679
d 259712 13 280619
a 1349183 192348 887
a 1784922 936450 463
a 1191945 1425864 288
d 977046 13 980071
a 1062533 1515421 544
d 58 138347 82
a 1631968 950385 923
d 1822313 116 1769254
d 171 1554864 399
d 1045229 69 993883
d 295 158829 59
a 923588 351673 668
a 1459546 1769359 128
a 851450 315194 404
a 293085 1551557 747
d 231556 75 221658
d 1041232 9 1070942
a 806013 538688 855
d 798246 7 802182
d 99 736077 39
d 494234 53 585936
a 1530525 1470611 893
d 10 549476 16
d 170 1714755 59
a 1788603 101924 242
d 23 1442157 33
d 388944 124 498249
d 193 185900 66
d 100 1119912 247
d 1736202 12 1752303
d 870800 21 860529
d 27321 283 147906
a 68624 1618352 332
d 163 1700622 15
a 519295 361984 830
a 1264379 573592 878
d 1493803 429 1557008
d 118725 18 129866
d 1073567 144 977070
a 606043 711601 355
a 1116789 1584717 740
d 46 201432 106
a 73108 388042 543
a 873365 113659 313
a 1248757 1257346 452
d 14 1161162 77
d 10 1747873 2
d 37 1208634 10
a 935511 869395 565
d 27 1162839 131
a 261880 1353545 930
a 1014600 1647082 82
a 606548 1389059 655
d 522411 53 514597
a 1533007 954349 170
d 70 1020662 31
a 106089 194632 555
a 1333094 1140503 508
a 1484305 1769456 765
d 113 7622 139
d 9 123083 5
a 113341 114642 225
d 241994 220 4236
a 1589023 465755 895
d 747488 5 752168
a 1189502 1701916 453
a 1780035 1785017 363
a 1397680 814852 555
a 391800 744244 735
d 18 71811 6
d 61 1513628 41
d 1168786 267 1283106
a 1291328 1356819 395
a 182502 1495905 91
d 1570744 84 1561853
a 938098 91195 421
a 385289 104562 646
d 909753 135 967935
a 1445389 1700561 260
a 145686 954944 85
d 642467 51 624605
a 1564229 603361 933
