a 647885 102 769932
a 520208 5 529090
a 1446137 2 1439899
a 17 7958 108
a 1038564 520 1157368
# 50 operations
a 1114238 36 1110888
a 474 30117 283
a 36 87208 19
a 156 1305203 35
a 21 531737 26
a 1550847 21 1546409
a 20 954538 20
a 257123 21 255305
a 1244410 46 1251818
a 36 498438 1
a 19 119258 18
a 30 1156925 101
a 1015017 33 996608
a 1455900 2 1456302
a 1505489 31 1503275
a 24 454436 13
a 271 247722 91
a 399365 34 381617
a 652564 22 692449
a 48 1263459 22
a 133 1126205 139
a 1223755 92 1377925
a 29 995343 45
a 76 601732 30
a 482045 58 514033
a 472028 3 464512
a 977286 24 935162
a 5 1332072 10
a 61007 43 120862
a 1209796 34 1215951
a 1126195 75 1095820
a 967892 34 968292
a 798156 43 820058
a 461832 25 463415
a 76 1556412 51
a 678500 37 673542
a 9636 47 32659
a 867390 280 996185
a 772273 142 787101
a 175 451346 115
a 644584 29 664054
a 1585574 68 1603140
a 737870 136 809137
a 128 1353123 98
