a 647885 102 769932
a 520208 5 529090
a 1446137 2 1439899
a 17 7958 108
a 1038564 520 1157368
# 50 operations
a 1114238 36 1110888
a 474 30117 283
a 36 87208 19
a 156 1305203 35
a 21 531737 26
a 1550847 21 1546409
a 20 954538 20
a 257123 21 255305
a 1244410 46 1251818
a 36 498438 1
a 19 119258 18
a 30 1156925 101
a 1015017 33 996608
a 1455900 2 1456302
a 1505489 31 1503275
a 24 454436 13
a 271 247722 91
a 399365 34 381617
a 652564 22 692449
a 48 1263459 22
a 133 1126205 139
a 1223755 92 1377925
a 29 995343 45
a 76 601732 30
a 482045 58 514033
a 472028 3 464512
a 977286 24 935162
a 5 1332072 10
a 61007 43 120862
a 1209796 34 1215951
a 1126195 75 1095820
a 967892 34 968292
a 798156 43 820058
a 461832 25 463415
a 76 1556412 51
a 678500 37 673542
a 9636 47 32659
a 867390 280 996185
a 772273 142 787101
a 175 451346 115
a 644584 29 664054
a 1585574 68 1603140
a 737870 136 809137
a 128 1353123 98
a 13 1134394 29
a 115 1332012 27
a 21 1309951 59
a 202 1021824 62
a 808412 28 833571
a 21 283487 38
# 500 operations
a 63 424814 43
a 16 47480 107
a 29 1363946 89
a 1083418 105 1061418
a 40 361516 48
a 5 978034 1
a 842391 108 797125
a 1582387 202 1604208
a 126 1149350 95
a 80 1302549 204
a 61 405321 28
a 702322 39 738183
a 1191501 27 1233816
a 61 962363 31
a 1497143 68 1513273
a 30866 72 61731
a 1287209 122 1260190
a 79 716568 14
a 11 1222831 23
a 1411379 49 1408378
a 34 556738 50
a 498226 2 507445
a 70 1297806 50
a 1051464 48 1048288
a 247 849732 232
a 217327 38 225312
a 693702 119 637819
a 102 542706 20
a 458286 111 443528
a 1087655 48 1105853
a 1247306 419 1316918
a 59 800815 51
a 108 215313 7
a 1018545 100 1039489
a 513136 25 536634
a 40 470876 29
a 60 1226997 33
a 122 1113434 10
a 690397 79 676054
a 13 653153 71
a 847406 37 833414
a 1236682 3 1242420
a 2 289695 10
a 3 1443956 36
a 240217 18 236070
a 1409093 39 1385236
a 22 786794 25
a 13 1592391 17
a 1541328 62 1482350
a 1311924 11 1312743
a 21 1600964 21
a 17 402799 34
a 359011 155 291251
a 1278344 10 1260650
a 34 483931 5
a 41 220669 14
a 1439785 14 1439433
a 318382 157 258494
a 1087531 19 1129708
a 59 569731 60
a 36 471488 51
a 1510656 24 1501904
a 9 1309290 50
a 73 304327 92
a 537023 99 635828
a 43 425976 55
a 175962 49 179397
a 11 222031 93
a 768891 22 765243
a 132 1350191 81
a 577387 17 551073
a 982689 71 1009902
a 595848 7 583109
a 89118 241 18897
a 114 80808 33
a 57 347474 60
a 484 1525166 309
a 1132117 39 1134799
a 90 1258758 58
a 25 172674 13
a 48 542544 43
a 304617 156 266062
a 36 1263530 58
a 670545 170 679779
a 1028076 212 1024628
a 9 722258 23
a 866095 68 869092
a 194192 100 218687
a 55 416768 28
a 472309 115 524198
a 69 1431689 63
a 714465 63 738886
a 23 1314398 26
a 53 1233167 27
a 84 795867 607
a 1576235 39 1584373
a 73 74545 208
a 750696 122 761703
a 76672 75 186265
a 119 113268 42
a 131211 63 123638
a 209248 65 150293
a 184 239313 128
a 1347424 26 1364237
a 1493901 176 1499871
a 26 42582 6
a 1187201 74 1214848
a 1174080 40 1170599
a 25 354706 31
a 140 1064581 34
a 1563870 166 1608999
a 52 1259127 84
a 1101388 25 1120581
a 249140 35 223638
a 40 752270 13
a 1612268 16 1612829
a 25 1472027 27
a 65 692886 90
a 9 1080681 61
a 327348 50 291839
a 20 694658 93
a 29 832020 93
a 21 1394544 55
a 13 721898 11
a 11 797443 12
a 40 65832 7
a 106 646768 206
a 72 996781 157
a 81617 57 69784
a 1257910 13 1284461
a 585 624735 98
a 1461649 6 1466110
a 64 838206 30
a 259108 44 246623
a 59 964397 34
a 740 18088 799
a 34 934229 5
a 20 1409657 42
a 82 1505285 188
a 61 989281 37
a 24 1415644 56
a 1610821 22 1464772
a 961299 4 970217
a 812164 21 815595
a 482391 20 382384
a 1537478 44 1542569
a 648 30659 999
a 455782 33 461528
a 39 373092 30
a 336094 20 349553
a 156620 26 155946
a 214504 85 317687
a 41 504268 14
a 4 1610226 22
a 29932 86 60853
a 1444348 69 1420247
a 668087 75 660925
a 1558867 39 1544160
a 96 54368 92
a 145 1255822 2
a 1399524 23 1391172
a 21242 50 55889
a 40 651007 100
a 265715 101 162664
a 1411313 11 1403411
a 364759 98 403072
a 68 1588750 90
a 369266 34 344233
a 956977 149 992162
a 1417289 30 1430507
a 1016191 35 982522
a 3 1383361 25
a 45 1045853 33
a 19 926364 3
a 73 1323434 145
a 29 612896 23
a 784524 8 777733
a 89 1323724 277
a 1042686 132 1052239
a 46 433971 37
a 157050 52 182530
a 309184 101 360376
a 931128 80 931099
a 10 1370996 21
a 1595212 13 1599055
a 10 941568 18
a 1487401 22 1480680
a 54 1071677 20
a 1133433 45 1161520
a 1144463 48 1147921
a 242 36352 118
a 112 439097 62
a 1065407 15 1044356
a 1394034 41 1358660
a 26 814241 13
a 615841 278 708708
a 306 772592 374
a 21 1382388 30
a 923880 8 918370
a 1504015 41 1485674
a 1540265 13 1550930
a 28 65785 18
a 79712 43 16617
a 65 1379780 54
a 26 1415151 44
a 25 1372696 19
a 1004178 3 1003414
a 129297 46 153562
a 1300639 55 1310579
a 114125 148 138433
a 1411908 65 1469104
a 1068831 2 1087868
a 151 661338 34
a 1604848 16 1602645
a 151 932278 4
a 10 1312078 48
a 1035993 46 1110730
a 35 1525796 12
a 136 1023020 28
a 1205960 40 1254454
a 3 1440569 1
a 38 641587 56
a 55 1290762 13
a 1094415 60 1060692
a 813089 77 949426
a 962978 24 963702
a 31 148949 21
a 28 1150510 117
a 564329 97 577800
a 312 1098079 38
a 25 782948 6
a 457354 37 476497
a 99 218346 193
a 49 721929 15
a 16 1481450 27
a 32 1026119 16
a 131 1587258 99
a 555275 102 784796
a 45 348393 73
a 30 459475 21
a 55 1246962 36
a 582165 265 620585
a 403928 17 412861
a 1180570 36 1175048
a 31 40529 52
a 17 242666 21
a 49 158696 67
a 1199579 53 1212945
a 395777 39 397302
a 548210 29 545552
a 809304 18 800478
a 133 1133624 84
a 33 910200 26
a 135627 16 95779
a 32 1463561 25
a 52 1383207 35
a 35 150802 68
a 38 925788 57
a 34 387917 162
a 2 359418 15
a 385 1084782 106
a 1132357 273 1071553
a 1324818 21 1331695
a 60 674369 10
a 29 1156273 813
a 621 765514 185
a 56 1587747 54
a 74 393501 42
a 26 541613 37
a 45 411100 28
a 57 1061008 126
a 1460361 82 1437131
a 544018 149 481888
a 1389818 114 1381264
a 47 886286 12
a 86 89784 82
a 142 574460 108
a 11 532212 30
a 204291 10 205777
a 1233238 47 1242425
a 50 810457 18
a 24 22187 20
a 423623 32 414809
a 820012 52 839402
a 666868 116 678822
a 134 540715 190
a 5 451943 21
a 1351113 50 1333862
a 855494 37 840489
a 40 56112 49
a 432413 66 443847
a 54 134602 5
a 1222420 186 1203647
a 182764 195 81863
a 15 967837 19
a 586214 42 608826
a 28 98699 27
a 46 230808 18
a 1160821 270 930824
a 41 58226 38
a 8 1140962 8
a 846378 83 871928
a 40 1154503 10
a 951658 58 933518
a 1010268 36 1014083
a 27 1544007 80
a 20206 20 12824
a 1203346 81 1182460
a 70 299901 3
a 1234616 24 1238061
a 302 198457 159
a 217090 48 201288
a 22 1242512 65
a 10 1120230 42
a 78 586354 46
a 1567223 69 1590238
a 588213 13 552472
a 475230 35 435612
a 1274214 18 1250220
a 20 313443 21
a 1410772 52 1485887
a 1339395 75 1318057
a 1281151 166 1312554
a 13 1173493 3
a 708665 31 691866
a 58 237575 20
a 102428 4 103145
a 1021152 80 999690
a 34 489173 12
a 9 557234 10
a 407 222306 203
a 25 1324076 41
a 1496004 15 1495301
a 6 1245364 79
a 1396601 244 1439481
a 33 942999 15
a 724806 11 719756
a 86 903216 99
a 16 445561 62
a 26 97685 14
a 31 803865 66
a 302051 12 306636
a 16 468759 75
a 1271559 61 1186885
a 33 1001755 29
a 350756 39 379602
a 29 1425087 56
a 1352665 134 1331668
a 862553 5 862179
a 622123 119 580247
a 456 992130 31
a 795957 51 736591
a 1020564 42 1011047
a 1318157 26 1346210
a 898529 13 896281
a 1338937 38 1311425
a 396106 50 422272
a 21 881277 142
a 63 537246 64
a 72536 20 66411
a 113838 156 89072
a 19 1595490 16
a 416817 45 433691
a 42 732507 113
a 265428 21 265427
a 579752 74 569854
a 17 1369307 7
a 745117 34 724139
a 518546 16 514646
a 1384488 47 1373614
a 1131247 18 1138895
a 402280 201 437188
a 18 319573 72
a 121330 57 98234
a 66 48554 76
a 991792 9 996541
a 50 1054669 30
a 1530420 96 1575861
a 37 369377 65
a 53 200641 47
a 2 370916 25
a 56 308218 34
a 932713 32 933118
a 10 1250961 9
a 25 1180860 49
a 12 165043 129
a 952122 277 962972
a 29 598876 44
a 104 338786 458
a 1525341 21 1521435
a 1365399 111 1350795
a 20 487345 152
a 1061313 20 1049751
a 42 114090 46
a 19 1370384 42
a 1237980 27 1219028
a 21 272077 184
a 157639 23 174136
a 57 1389121 32
a 973124 48 1203696
a 504761 86 473709
a 291082 51 295485
a 829269 15 839087
a 93 1165940 12
a 2 576729 12
a 83 991431 13
a 172553 37 160899
a 59 925831 31
a 203 26 3110
a 1528707 53 1515080
a 1100889 47 1122861
a 22 683883 24
a 1597329 26 1580455
a 1039818 33 1047353
a 1458191 148 1477019
a 24 467900 17
a 447146 19 440174
a 33175 61 25989
a 89 119689 37
a 25 10196 15
a 679865 46 661549
a 37 694098 24
a 4596 341 21709
a 13 397730 137
a 2 1055987 22
a 72 1419650 14
a 243030 25 246796
a 1136944 16 1144252
a 698296 56 687938
a 40597 93 28113
a 20 560616 17
a 61 630211 22
a 48 1570702 34
a 1108304 43 1182508
a 1590520 49 1567465
a 5 1451207 1
a 90 1535681 170
a 179 449451 33
a 855529 29 870125
a 71 972397 65
a 16 118886 77
a 121 576836 20
a 980101 85 984598
