a 647885 102 769932
a 520208 5 529090
a 1446137 2 1439899
a 17 7958 108
a 1038564 520 1157368
# 50 operations
a 1114238 36 1110888
a 474 30117 283
a 36 87208 19
a 156 1305203 35
a 21 531737 26
a 1550847 21 1546409
a 20 954538 20
a 257123 21 255305
a 1244410 46 1251818
a 36 498438 1
a 19 119258 18
a 30 1156925 101
a 1015017 33 996608
a 1455900 2 1456302
a 1505489 31 1503275
a 24 454436 13
a 271 247722 91
a 399365 34 381617
a 652564 22 692449
a 48 1263459 22
a 133 1126205 139
a 1223755 92 1377925
a 29 995343 45
a 76 601732 30
a 482045 58 514033
a 472028 3 464512
a 977286 24 935162
a 5 1332072 10
a 61007 43 120862
a 1209796 34 1215951
a 1126195 75 1095820
a 967892 34 968292
a 798156 43 820058
a 461832 25 463415
a 76 1556412 51
a 678500 37 673542
a 9636 47 32659
a 867390 280 996185
a 772273 142 787101
a 175 451346 115
a 644584 29 664054
a 1585574 68 1603140
a 737870 136 809137
a 128 1353123 98
a 13 1134394 29
a 115 1332012 27
a 21 1309951 59
a 202 1021824 62
a 808412 28 833571
a 21 283487 38
# 500 operations
a 63 424814 43
a 16 47480 107
a 29 1363946 89
a 1083418 105 1061418
a 40 361516 48
a 5 978034 1
a 842391 108 797125
a 1582387 202 1604208
a 126 1149350 95
a 80 1302549 204
a 61 405321 28
a 702322 39 738183
a 1191501 27 1233816
a 61 962363 31
a 1497143 68 1513273
a 30866 72 61731
a 1287209 122 1260190
a 79 716568 14
a 11 1222831 23
a 1411379 49 1408378
a 34 556738 50
a 498226 2 507445
a 70 1297806 50
a 1051464 48 1048288
a 247 849732 232
a 217327 38 225312
a 693702 119 637819
a 102 542706 20
a 458286 111 443528
a 1087655 48 1105853
a 1247306 419 1316918
a 59 800815 51
a 108 215313 7
a 1018545 100 1039489
a 513136 25 536634
a 40 470876 29
a 60 1226997 33
a 122 1113434 10
a 690397 79 676054
a 13 653153 71
a 847406 37 833414
a 1236682 3 1242420
a 2 289695 10
a 3 1443956 36
a 240217 18 236070
a 1409093 39 1385236
a 22 786794 25
a 13 1592391 17
a 1541328 62 1482350
a 1311924 11 1312743
a 21 1600964 21
a 17 402799 34
a 359011 155 291251
a 1278344 10 1260650
a 34 483931 5
a 41 220669 14
a 1439785 14 1439433
a 318382 157 258494
a 1087531 19 1129708
a 59 569731 60
a 36 471488 51
a 1510656 24 1501904
a 9 1309290 50
a 73 304327 92
a 537023 99 635828
a 43 425976 55
a 175962 49 179397
a 11 222031 93
a 768891 22 765243
a 132 1350191 81
a 577387 17 551073
a 982689 71 1009902
a 595848 7 583109
a 89118 241 18897
a 114 80808 33
a 57 347474 60
a 484 1525166 309
a 1132117 39 1134799
a 90 1258758 58
a 25 172674 13
a 48 542544 43
a 304617 156 266062
a 36 1263530 58
a 670545 170 679779
a 1028076 212 1024628
a 9 722258 23
a 866095 68 869092
a 194192 100 218687
a 55 416768 28
a 472309 115 524198
a 69 1431689 63
a 714465 63 738886
a 23 1314398 26
a 53 1233167 27
a 84 795867 607
a 1576235 39 1584373
a 73 74545 208
a 750696 122 761703
a 76672 75 186265
a 119 113268 42
a 131211 63 123638
a 209248 65 150293
a 184 239313 128
a 1347424 26 1364237
a 1493901 176 1499871
a 26 42582 6
a 1187201 74 1214848
a 1174080 40 1170599
a 25 354706 31
a 140 1064581 34
a 1563870 166 1608999
a 52 1259127 84
a 1101388 25 1120581
a 249140 35 223638
a 40 752270 13
a 1612268 16 1612829
a 25 1472027 27
a 65 692886 90
a 9 1080681 61
a 327348 50 291839
a 20 694658 93
a 29 832020 93
a 21 1394544 55
a 13 721898 11
a 11 797443 12
a 40 65832 7
a 106 646768 206
a 72 996781 157
a 81617 57 69784
a 1257910 13 1284461
a 585 624735 98
a 1461649 6 1466110
a 64 838206 30
a 259108 44 246623
a 59 964397 34
a 740 18088 799
a 34 934229 5
a 20 1409657 42
a 82 1505285 188
a 61 989281 37
a 24 1415644 56
a 1610821 22 1464772
a 961299 4 970217
a 812164 21 815595
a 482391 20 382384
a 1537478 44 1542569
a 648 30659 999
a 455782 33 461528
a 39 373092 30
a 336094 20 349553
a 156620 26 155946
a 214504 85 317687
a 41 504268 14
a 4 1610226 22
a 29932 86 60853
a 1444348 69 1420247
a 668087 75 660925
a 1558867 39 1544160
a 96 54368 92
a 145 1255822 2
a 1399524 23 1391172
a 21242 50 55889
a 40 651007 100
a 265715 101 162664
a 1411313 11 1403411
a 364759 98 403072
a 68 1588750 90
a 369266 34 344233
a 956977 149 992162
a 1417289 30 1430507
a 1016191 35 982522
a 3 1383361 25
a 45 1045853 33
a 19 926364 3
a 73 1323434 145
a 29 612896 23
a 784524 8 777733
a 89 1323724 277
a 1042686 132 1052239
a 46 433971 37
a 157050 52 182530
a 309184 101 360376
a 931128 80 931099
a 10 1370996 21
a 1595212 13 1599055
a 10 941568 18
a 1487401 22 1480680
a 54 1071677 20
a 1133433 45 1161520
a 1144463 48 1147921
a 242 36352 118
a 112 439097 62
a 1065407 15 1044356
a 1394034 41 1358660
a 26 814241 13
a 615841 278 708708
a 306 772592 374
a 21 1382388 30
a 923880 8 918370
a 1504015 41 1485674
a 1540265 13 1550930
a 28 65785 18
a 79712 43 16617
a 65 1379780 54
a 26 1415151 44
a 25 1372696 19
a 1004178 3 1003414
a 129297 46 153562
a 1300639 55 1310579
a 114125 148 138433
a 1411908 65 1469104
a 1068831 2 1087868
a 151 661338 34
a 1604848 16 1602645
a 151 932278 4
a 10 1312078 48
a 1035993 46 1110730
a 35 1525796 12
a 136 1023020 28
a 1205960 40 1254454
a 3 1440569 1
a 38 641587 56
a 55 1290762 13
a 1094415 60 1060692
a 813089 77 949426
a 962978 24 963702
a 31 148949 21
a 28 1150510 117
a 564329 97 577800
a 312 1098079 38
a 25 782948 6
a 457354 37 476497
a 99 218346 193
a 49 721929 15
a 16 1481450 27
a 32 1026119 16
a 131 1587258 99
a 555275 102 784796
a 45 348393 73
a 30 459475 21
a 55 1246962 36
a 582165 265 620585
a 403928 17 412861
a 1180570 36 1175048
a 31 40529 52
a 17 242666 21
a 49 158696 67
a 1199579 53 1212945
a 395777 39 397302
a 548210 29 545552
a 809304 18 800478
a 133 1133624 84
a 33 910200 26
a 135627 16 95779
a 32 1463561 25
a 52 1383207 35
a 35 150802 68
a 38 925788 57
a 34 387917 162
a 2 359418 15
a 385 1084782 106
a 1132357 273 1071553
a 1324818 21 1331695
a 60 674369 10
a 29 1156273 813
a 621 765514 185
a 56 1587747 54
a 74 393501 42
a 26 541613 37
a 45 411100 28
a 57 1061008 126
a 1460361 82 1437131
a 544018 149 481888
a 1389818 114 1381264
a 47 886286 12
a 86 89784 82
a 142 574460 108
a 11 532212 30
a 204291 10 205777
a 1233238 47 1242425
a 50 810457 18
a 24 22187 20
a 423623 32 414809
a 820012 52 839402
a 666868 116 678822
a 134 540715 190
a 5 451943 21
a 1351113 50 1333862
a 855494 37 840489
a 40 56112 49
a 432413 66 443847
a 54 134602 5
a 1222420 186 1203647
a 182764 195 81863
a 15 967837 19
a 586214 42 608826
a 28 98699 27
a 46 230808 18
a 1160821 270 930824
a 41 58226 38
a 8 1140962 8
a 846378 83 871928
a 40 1154503 10
a 951658 58 933518
a 1010268 36 1014083
a 27 1544007 80
a 20206 20 12824
a 1203346 81 1182460
a 70 299901 3
a 1234616 24 1238061
a 302 198457 159
a 217090 48 201288
a 22 1242512 65
a 10 1120230 42
a 78 586354 46
a 1567223 69 1590238
a 588213 13 552472
a 475230 35 435612
a 1274214 18 1250220
a 20 313443 21
a 1410772 52 1485887
a 1339395 75 1318057
a 1281151 166 1312554
a 13 1173493 3
a 708665 31 691866
a 58 237575 20
a 102428 4 103145
a 1021152 80 999690
a 34 489173 12
a 9 557234 10
a 407 222306 203
a 25 1324076 41
a 1496004 15 1495301
a 6 1245364 79
a 1396601 244 1439481
a 33 942999 15
a 724806 11 719756
a 86 903216 99
a 16 445561 62
a 26 97685 14
a 31 803865 66
a 302051 12 306636
a 16 468759 75
a 1271559 61 1186885
a 33 1001755 29
a 350756 39 379602
a 29 1425087 56
a 1352665 134 1331668
a 862553 5 862179
a 622123 119 580247
a 456 992130 31
a 795957 51 736591
a 1020564 42 1011047
a 1318157 26 1346210
a 898529 13 896281
a 1338937 38 1311425
a 396106 50 422272
a 21 881277 142
a 63 537246 64
a 72536 20 66411
a 113838 156 89072
a 19 1595490 16
a 416817 45 433691
a 42 732507 113
a 265428 21 265427
a 579752 74 569854
a 17 1369307 7
a 745117 34 724139
a 518546 16 514646
a 1384488 47 1373614
a 1131247 18 1138895
a 402280 201 437188
a 18 319573 72
a 121330 57 98234
a 66 48554 76
a 991792 9 996541
a 50 1054669 30
a 1530420 96 1575861
a 37 369377 65
a 53 200641 47
a 2 370916 25
a 56 308218 34
a 932713 32 933118
a 10 1250961 9
a 25 1180860 49
a 12 165043 129
a 952122 277 962972
a 29 598876 44
a 104 338786 458
a 1525341 21 1521435
a 1365399 111 1350795
a 20 487345 152
a 1061313 20 1049751
a 42 114090 46
a 19 1370384 42
a 1237980 27 1219028
a 21 272077 184
a 157639 23 174136
a 57 1389121 32
a 973124 48 1203696
a 504761 86 473709
a 291082 51 295485
a 829269 15 839087
a 93 1165940 12
a 2 576729 12
a 83 991431 13
a 172553 37 160899
a 59 925831 31
a 203 26 3110
a 1528707 53 1515080
a 1100889 47 1122861
a 22 683883 24
a 1597329 26 1580455
a 1039818 33 1047353
a 1458191 148 1477019
a 24 467900 17
a 447146 19 440174
a 33175 61 25989
a 89 119689 37
a 25 10196 15
a 679865 46 661549
a 37 694098 24
a 4596 341 21709
a 13 397730 137
a 2 1055987 22
a 72 1419650 14
a 243030 25 246796
a 1136944 16 1144252
a 698296 56 687938
a 40597 93 28113
a 20 560616 17
a 61 630211 22
a 48 1570702 34
a 1108304 43 1182508
a 1590520 49 1567465
a 5 1451207 1
a 90 1535681 170
a 179 449451 33
a 855529 29 870125
a 71 972397 65
a 16 118886 77
a 121 576836 20
a 980101 85 984598
a 28 644545 26
a 934643 44 950462
a 1369003 8 1359251
a 30 1315507 69
a 151 12062 12
a 37 1238465 84
a 1356496 35 1265459
a 641368 18 571595
a 41 942450 380
a 25 1092643 86
a 779027 157 741901
a 17 1059030 22
a 585946 13 592867
a 635584 41 624279
a 553355 76 526778
a 65 1383274 25
a 215 1406311 126
a 70 370202 73
a 727763 122 630532
a 839469 45 887525
a 37 1217503 48
a 913219 42 908595
a 1401316 18 1378048
a 127 143146 93
a 1 420172 14
a 541121 22 588175
a 31 1277013 15
a 105747 72 99624
a 513522 6 520851
a 1242934 13 1246089
a 98 1557316 62
a 78 342467 165
a 524149 61 554574
a 18 956996 15
a 1422702 140 1463023
a 19 1292241 28
a 12 613926 36
a 47 459553 43
a 58 742834 34
a 5 850875 3
a 1174951 30 1161043
a 1339694 7 1344852
a 577848 25 582013
a 7 1225137 73
a 494525 73 483641
a 683497 25 692409
a 473 86446 44
a 23 950930 4
a 653055 83 635883
a 26 121012 132
a 370560 150 494945
a 81 257364 144
a 95 1451196 29
a 1157444 28 1163266
a 4159 61 2866
a 174666 25 176162
a 1345456 15 1355858
# 5000 operations
a 851112 10 847303
a 834332 38 843299
a 1510031 41 1512562
a 100 1417814 58
a 13 1402821 60
a 990052 44 983709
a 196657 164 287260
a 13 639767 59
a 1533796 44 1527152
a 292562 49 177253
a 55 692275 141
a 32 591750 21
a 371488 102 429247
a 241909 32 278417
a 176 222384 14
a 66 1508240 34
a 40 696081 141
a 19 915879 277
a 18 1412389 17
a 54 902217 43
a 1413116 82 1416212
a 1256882 100 1229278
a 18 818819 206
a 521562 18 524670
a 420263 137 353599
a 160838 9 166846
a 224 1415818 5
a 26 1271097 26
a 26 396400 47
a 1173632 50 1151661
a 856828 64 847341
a 1500103 87 1432688
a 103428 400 223038
a 914388 18 878115
a 1214033 92 1207876
a 381300 153 436160
a 34 1237545 55
a 60 1422786 16
a 1292506 36 1296829
a 1357858 51 1333501
a 69 1372519 9
a 74 1055225 13
a 8190 293 72602
a 193577 24 177731
a 169 1580922 6
a 1240910 57 1254097
a 19 1528433 236
a 107 1562076 71
a 45 741406 59
a 1148389 40 1160390
a 1099669 4 1096644
a 116 227913 6
a 41 1317334 47
a 532 12924 16
a 78 619071 35
a 40 1597479 30
a 479302 108 482017
a 1407440 1 1405883
a 10 1527425 20
a 16 324065 82
a 7 225173 14
a 18 945744 15
a 1242528 20 1251162
a 1441066 235 1519520
a 37 1566154 39
a 37 1101523 35
a 1150155 19 1152509
a 1470064 20 1549461
a 90 407067 49
a 12 1190433 32
a 1211841 55 1233955
a 318634 18 328544
a 335501 14 394795
a 1418855 43 1410174
a 197 942025 65
a 73 119681 116
a 569663 49 575371
a 1038015 39 1024746
a 47 588996 46
a 10 42423 68
a 1275148 45 1293237
a 665701 205 671604
a 1 1060244 4
a 44318 153 51337
a 47 1107473 15
a 27 1306537 52
a 228372 35 220487
a 1372212 3 1376370
a 789660 132 707057
a 267913 45 289299
a 603233 286 556571
a 941617 17 893327
a 70 931630 19
a 38 928881 39
a 708724 59 723631
a 102 761710 163
a 308964 552 601141
a 1287473 7 1330602
a 669654 126 703260
a 1566734 119 1580049
a 500925 33 504847
a 577399 66 595046
a 55968 30 76412
a 1521790 20 1514325
a 248 749434 107
a 16 502965 24
a 241217 104 266783
a 33 494452 54
a 366429 169 275737
a 53 1403076 15
a 519343 232 431080
a 1456635 8 1449882
a 951249 39 958016
a 214144 17 215982
a 78 308913 7
a 1552562 81 1547877
a 66 1481709 119
a 1212533 111 1222746
a 1468316 38 1475632
a 143 825966 96
a 45 1504873 92
a 1152775 64 1200321
a 16 831427 58
a 1296050 10 1298827
a 131 292633 73
a 89 1474147 60
a 10 41844 184
a 1135894 20 1150489
a 96 456037 9
a 398031 106 457301
a 72 688521 39
a 934438 8 928669
a 60 895027 38
a 173431 14 181743
a 22 1568040 82
a 367821 45 359208
a 171505 97 156139
a 1339660 20 1342222
a 23 1266322 1
a 104448 331 142908
a 866983 37 865843
a 89 532838 58
a 20 775571 13
a 110 1464473 135
a 1364219 15 1380002
a 73 224136 123
a 660085 45 677201
a 18 291296 29
a 1176567 411 1237615
a 17 662526 64
a 1444 1217252 66
a 861139 46 872612
a 76 657682 90
a 71 558968 185
a 48 164819 45
a 15 5736 2040
a 656091 110 609852
a 882408 51 895334
a 7 921452 11
a 294251 46 323346
a 82 1308320 68
a 1009499 31 1027892
a 1331381 279 1162309
a 712627 31 696086
a 44 127321 109
a 20 722168 12
a 53 83691 68
a 399492 31 414859
a 1545444 40 1559004
a 24 568720 76
a 58 1607879 50
a 2 1295305 2
a 80 1379824 76
a 35 1493287 621
a 599639 94 668266
a 20 503899 83
a 47 1181818 60
a 62 690896 59
a 1213834 46 1180840
a 36 693843 27
a 22 1483438 32
a 33 268464 60
a 79 377792 32
a 44 565677 45
a 704790 8 709435
a 117277 64 182642
a 425008 27 427302
a 34 1610735 289
a 815756 37 800403
a 43 238352 62
a 848110 140 820454
a 1422894 10 1429292
a 1 1542911 36
a 141 458270 133
a 500246 44 483713
a 1238366 40 1250079
a 403175 26 384780
a 1426158 19 1444323
a 1450733 50 1423088
a 26 748010 68
a 37 93456 19
a 782798 31 764848
a 31 188293 61
a 963817 171 858743
a 269986 222 333557
a 56 832626 354
a 34 1251243 47
a 47 1407202 26
a 1076990 4 1076991
a 8 952139 10
a 467398 3 452906
a 489133 9 505284
a 8 669888 26
a 1000437 74 958560
a 279867 113 207998
a 8 1116521 48
a 1586122 61 1566262
a 9 383950 92
a 1570198 70 1611553
a 602370 75 576565
a 872334 157 942365
a 803478 256 938929
a 65 1527248 44
a 15 118552 22
a 926010 17 913606
a 19 767688 21
a 1022766 10 1027386
a 1369155 37 1354119
a 856217 29 875749
a 1356944 22 1368205
a 570977 5 494437
a 16 891444 9
a 366 1552149 56
a 133 487028 53
a 479497 76 452466
a 4 743947 94
a 476266 158 392181
a 327 673082 128
a 601514 112 609756
a 673825 2 685388
a 17729 11 20489
a 616260 27 590026
a 819687 330 356384
a 563817 81 542766
a 55 237562 44
a 39 396797 57
a 384184 26 371777
a 585239 107 523183
a 393183 151 325281
a 99 720186 249
a 1598242 18 1607352
a 44 1197223 41
a 55 255601 10
a 65 1290499 12
a 40 1442940 36
a 640547 72 663900
a 618555 140 613916
a 711597 210 645560
a 68 1076869 49
a 32 885940 23
a 25 304285 8
a 123 677883 74
a 40 182218 146
a 17 668433 19
a 16 66938 71
a 1104107 9 1100641
a 345408 79 325646
a 21 691337 58
a 71 926480 5
a 14 1226440 19
a 58 5930 934
a 282 846607 11
a 60 1399619 45
a 648572 13 648949
a 245367 58 232638
a 36 766251 36
a 266 298023 495
a 71 840369 117
a 48 1215363 25
a 21 1161018 131
a 28 818250 108
a 947698 444 1018889
a 18 1069570 199
a 445057 7 429444
a 30 1528079 10
a 1525831 148 1478361
a 276280 2 272572
a 485 297308 377
a 1031 1336449 302
a 1258205 20 1258983
a 1464201 163 1381257
a 1215200 40 1203443
a 1432967 9 1420846
a 52 1285787 33
a 36 639178 10
a 940778 52 924757
a 632948 118 577442
a 23 694952 32
a 85 314115 11
a 902475 48 956601
a 1078750 5 1079871
a 65602 39 62663
a 781055 84 766360
a 794016 31 808376
a 239147 35 239522
a 1383145 92 1478179
a 39 626056 36
a 17 1347785 317
a 742629 10 769837
a 530464 7 518047
a 737834 13 742871
a 29 1109958 94
a 9 1054148 42
a 924071 43 941231
a 2 1110525 2
a 1485178 18 1489279
a 48 496356 145
a 15 604351 36
a 326520 19 330188
a 47 702740 79
a 83 613763 39
a 31 1420976 41
a 55 748846 61
a 31 1020386 80
a 6 898331 27
a 1263851 33 1288944
a 33 615494 100
a 1431181 42 1430011
a 1445464 49 1457991
a 48 1095927 86
a 35 705182 8
a 13 920380 74
a 94 843795 87
a 8 1183427 20
a 56 499794 21
a 1301279 16 1305466
a 21 886108 39
a 124 592377 103
a 649314 72 598338
a 69 245837 59
a 17 1346505 16
a 1348046 230 1315493
a 1604859 16 1595866
a 136 874980 17
a 1574068 15 1574422
a 110 189501 137
a 45 1216820 122
a 2 322642 9
a 16 840908 15
a 778284 7 795914
a 845286 52 862954
a 36 290860 14
a 1549396 45 1566612
a 402835 3 402836
a 7 18923 27
a 64 1203378 27
a 445509 28 443591
a 952918 121 976505
a 25 1214352 38
a 1373758 25 1384627
a 40 561770 80
a 585550 63 537682
a 20 150978 7
a 1095565 215 1197266
a 568950 59 556384
a 1500130 134 1388815
a 8 1531496 3
a 16 623085 132
a 840395 9 835424
a 1394796 30 1376326
a 57 118362 182
a 96 1593182 583
a 724533 106 811659
a 44 398146 32
a 1179662 25 1213901
a 6616 168 104845
a 30 378986 31
a 116 839034 69
a 42 1196020 22
a 73958 18 79977
a 547430 59 532012
a 784943 397 906365
a 14 208212 12
a 57 5707 37
a 33 1061749 65
a 12 1569327 44
a 84 788647 21
a 1305 4304 1055
a 39 1608109 74
a 21 1459277 115
a 128 518587 51
a 17 1475434 154
a 33326 98 23015
a 151 1058528 231
a 1178807 14 1174915
a 10 123830 366
a 1000026 13 1008510
a 355 847933 31
a 1470939 108 1408109
a 157147 178 138369
a 1242864 890 1107374
a 1012959 407 1221886
a 6 1557989 7
a 259 860518 441
a 20 1134104 120
a 538473 73 531524
a 508264 22 483982
a 877380 35 912195
a 25 1187293 198
a 1102819 15 1127486
a 41 1454945 20
a 685445 28 685448
a 11 206127 13
a 1 4364 25
a 32 1363243 21
a 1059026 23 1057873
a 9 336437 1
a 945554 34 946310
a 2 56846 31
a 798736 58 747695
a 209 994213 315
a 113493 20 121062
a 152 1198290 109
a 34 985879 64
a 100 122180 12
a 78 660847 77
a 14 1052706 68
a 7 1398586 11
a 54 1249017 40
a 214 599674 5
a 65 487901 108
a 759593 43 713631
a 787279 329 740158
a 877426 44 877816
a 915946 45 919679
a 1123534 12 1090222
a 1442928 339 1472405
a 190 182550 155
a 15 605517 13
a 46 214919 25
a 44 263934 35
a 854320 184 874612
a 1387603 73 1351566
a 326830 14 289070
a 121 1040230 17
a 602796 126 668731
a 943695 92 930396
a 1419006 29 1447293
a 281161 20 287896
a 56 539988 32
a 1587145 61 1605722
a 29 1152455 22
a 825425 29 826600
a 86 73079 9
a 943167 26 949498
a 368019 31 330724
a 26 154412 77
a 34 886319 41
a 41 472249 19
a 48 526951 16
a 381344 315 345845
a 1417192 23 1404403
a 3 93800 5
a 21 607231 125
a 790583 32 744650
a 43 244694 28
a 248 22684 47
a 32 481320 17
a 859787 69 801996
a 586762 113 518107
a 1349774 20 1339308
a 13 250639 28
a 167 1500327 122
a 793 752887 79
a 1558986 201 1521683
a 55 638392 74
a 322554 43 322187
a 9 145819 12
a 1 1321831 19
a 282435 22 291519
a 8 927762 20
a 1229200 53 1253118
a 389676 53 371655
a 62 1171654 11
a 9 1153328 35
a 934793 22 939385
a 141 1535803 64
a 121 307049 20
a 895777 361 686584
a 584887 12 579535
a 42 975748 26
a 12 1023472 41
a 17 950698 21
a 486069 39 512721
a 10 1590627 6
a 31 149192 39
a 10 427526 39
a 17 379826 37
a 23 427454 34
a 789419 61 789780
a 51 1540069 114
a 570671 47 566328
a 630917 17 616927
a 94 661001 30
a 771191 56 808620
a 22 1499098 74
a 43 1408087 69
a 28 1157075 7
a 1460355 156 1394699
a 107 535213 61
a 1050966 48 1042958
a 1152367 56 1106933
a 84 1508540 111
a 5 1044117 3
a 738386 64 777377
a 178132 95 280755
a 1035897 29 1054560
a 164283 62 164651
a 839217 26 819446
a 57 710018 213
a 1151507 36 1177750
a 594383 62 594391
a 112645 47 135824
a 7 365742 4
a 30 1610479 90
a 56 1209127 33
a 227325 56 229141
a 943395 28 910167
a 9 1077390 42
a 129393 88 204399
a 1308617 8 1306356
a 1571313 30 1552451
a 23 29394 38
a 212 1376867 17
a 37 1182060 62
a 4 373573 248
a 377645 154 386800
a 1003376 165 928112
a 5 1342476 30
a 323238 28 327834
a 1096596 183 1141198
a 356692 46 377617
a 42 825220 13
a 43081 16 75600
a 120325 10 111705
a 106 544002 20
a 666984 188 710393
a 631302 79 663994
a 71 1056837 154
a 866772 81 793646
a 975059 30 999724
a 199 768568 107
a 64166 80 33345
a 719902 218 763535
a 53 132971 108
a 1308058 35 1285317
a 1116901 43 1097298
a 72 1093917 100
a 19 413091 56
a 13 1080422 26
a 9 1190608 8
a 605407 35 628282
a 422810 77 420582
a 96 841196 153
a 9 1203959 159
a 244 1437038 56
a 509 1307611 34
a 467018 36 490458
a 161 711739 1052
a 43 977696 50
a 5 872788 25
a 15 356606 50
a 128 420542 26
a 179 1305772 59
a 80 1368456 18
a 1055608 50 1034350
a 7 1609077 9
a 123 373855 240
a 32 1157030 61
a 23 142841 5
a 100 383325 83
a 125 896001 61
a 26587 31 4583
a 25 313746 89
a 6 1333487 5
a 1402055 16 1415688
a 1100564 28 1091800
a 17 1523258 14
a 19 808996 34
a 29 833143 15
a 186730 72 208534
a 193590 266 109280
a 118 79409 149
a 39 897027 26
a 27 153831 39
a 672063 23 667406
a 102 1342321 64
a 32 398723 14
a 609493 25 621136
a 355623 19 375840
a 108 1341463 142
a 24 347359 73
a 156 151678 147
a 134684 30 135069
a 46 6149 911
a 435777 43 437334
a 581777 69 629601
a 77 1425733 115
a 160 58212 99
a 167553 115 209654
a 703747 97 743107
a 36 254103 35
a 162 1287317 728
a 199981 18 187964
a 481573 682 201110
a 20947 24 7132
a 1063362 21 1063723
a 16 1475702 104
a 43 1106062 43
a 36 255403 15
a 461243 117 408257
a 304096 11 305229
a 703807 46 746355
a 1403462 184 1313015
a 1295111 44 1327396
a 16 648963 38
a 1059855 18 1055996
a 39 516296 29
a 1369521 5 1369902
a 87 1175638 43
a 48 91404 20
a 155 1004631 5
a 90 885687 151
a 100068 20 84357
a 31 251864 14
a 12 60050 1
a 116 1046985 70
a 99232 35 159039
a 48 630241 32
a 1468497 26 1478460
a 10389 14 59225
a 425010 17 403861
a 14 1382160 35
a 143489 28 137650
a 1277554 4 1277555
a 30 658190 20
a 15 278621 25
a 132849 36 135383
a 646854 69 647244
a 32 1473254 36
a 1247854 24 1254415
a 130 1175977 61
a 99 296432 62
a 452337 26 473081
a 478343 28 508477
a 1402035 23 1408924
a 38 71815 179
a 35 519246 65
a 33 678068 36
a 112 1360035 30
a 938996 44 938995
a 487487 80 479383
a 854902 102 859229
a 357 24145 51
a 9 924955 9
a 259 859141 94
a 116 1232449 41
a 647394 49 639228
a 12 790309 117
a 784588 60 745843
a 51 48849 41
a 1507863 100 1504627
a 45 834126 28
a 266828 101 271808
a 11891 15 13585
a 1299093 110 1347798
a 1461953 36 1490603
a 101734 112 143516
a 25 940728 61
a 184376 15 192317
a 310348 54 284252
a 144 289164 29
a 551945 124 603609
a 171 1504150 26
a 68 848222 65
a 1198512 123 1237948
a 449415 79 489257
a 219 289933 203
a 1463983 19 1463984
a 1011478 36 1031345
a 11 1280159 4
a 9 1283455 133
a 140 1562723 58
a 65 1496016 55
a 50 534154 86
a 1534078 107 1495124
a 52 1181171 89
a 580687 11 579107
a 51 349382 12
a 190850 1 209955
a 35 1509967 322
a 62 876000 28
a 249861 126 358907
a 226734 16 229689
a 10 60238 288
a 62 1007314 55
a 583836 92 603527
a 146889 43 105134
a 178777 1 186604
a 185 587087 49
a 25 337746 18
a 38 1593783 41
a 128 223668 55
a 108 1492789 28
a 1229131 37 1224434
a 55 117420 17
a 137 467025 49
a 24 309389 686
a 62 718091 43
a 31 1566012 34
a 12354 91 47890
a 908833 197 832175
a 36 397495 5
a 1238992 62 1227080
a 69 354189 95
a 131578 55 94280
a 1331504 242 1202295
a 1501561 51 1530391
a 51 1569260 29
a 100 1267770 70
a 5 255541 18
a 6 1374419 112
a 194 192210 113
a 351644 45 360687
a 62 1014207 38
a 467106 135 517459
a 26 729341 3
a 509 1479403 571
a 1236056 39 1242988
a 295076 55 238440
a 1364534 446 1474613
a 9 1076183 358
a 20 1441930 27
a 979518 45 981397
a 31 1513373 57
a 898157 56 879492
a 344721 17 343268
a 60 195719 22
a 521986 13 544256
a 21 1316207 20
a 21 1138409 13
a 488648 31 460325
a 62 1518786 19
a 34 895602 34
a 490855 29 490465
a 70 894522 42
a 791927 182 736951
a 43 1263833 141
a 963392 103 1048371
a 49 1585193 42
a 71 781965 75
a 603706 120 579449
a 51 1541073 24
a 1230946 29 1260414
a 1 1473212 4
a 44 384753 2
a 887865 29 880573
a 24 1206236 143
a 27 1213594 30
a 313 1435050 127
a 26 793252 91
a 10 1102672 18
a 77758 40 94280
a 28 613118 55
a 57 68254 54
a 46 1012225 28
a 778824 32 757373
a 17 1359548 77
a 78 968173 84
a 845977 26 836590
a 44 1255657 33
a 1 1383445 2
a 60 818316 152
a 962443 58 937661
a 26 1136551 38
a 8 759557 12
a 312 687110 125
a 48 181064 74
a 75 639793 251
a 107197 69 127395
a 58 760481 45
a 6 1128418 56
a 1118792 47 1108708
a 1311302 123 1311303
a 31 682488 40
a 593219 36 542634
a 140772 22 130864
a 1089039 75 1056778
a 14 18326 21
a 225248 79 226028
a 738472 73 711213
a 68 29795 79
a 1053610 132 1016678
a 1277321 195 1325079
a 30 1214841 39
a 99 496534 42
a 77 292706 101
a 40 243121 61
a 210368 104 80905
a 59 1380038 64
a 1465766 37 1483294
a 668546 56 642475
a 1022409 16 1012869
a 392171 25 379751
a 106 908322 111
a 23980 17 6806
a 24 367997 46
a 45 1550493 82
a 427 680825 2
a 34625 27 48019
a 1266553 20 1226094
a 1309394 21 1320635
a 25 81297 48
a 17 919931 34
a 935031 2 935032
a 773041 99 720242
a 1165849 54 1157389
a 996390 6 996023
a 836024 70 817376
a 49215 7 46086
a 47973 122 111949
a 32 1610789 123
a 1017738 66 1055145
a 693126 51 687343
a 84 215682 31
a 93 1191677 278
a 85130 18 89469
a 25 1582881 224
a 343131 50 352308
a 1565522 82 1528072
a 695646 27 683353
a 89 598417 436
a 1157352 326 1047156
a 41067 15 59850
a 271429 203 358314
a 374572 25 393018
a 161 173562 23
a 35 630215 26
a 168370 21 196277
a 66 335720 34
a 665191 15 646846
a 630123 102 554868
a 109 674743 50
a 173 465278 33
a 744601 22 744602
a 19 924448 72
a 473501 69 445451
a 89 998134 42
a 1235026 55 1269295
a 1531638 65 1547029
a 334460 87 338517
a 45 323067 43
a 419602 8 426021
a 28 759461 117
a 5 77518 25
a 880533 21 905273
a 274 390 58909
a 376906 38 363440
a 429360 21 434625
a 14 1267537 162
a 26 648039 170
a 40 49366 173
a 1098900 14 1095843
a 1226817 36 1222887
a 44 51388 10
a 75 1473757 58
a 1349081 71 1328713
a 1527708 35 1506636
a 1013138 15 1026919
a 1275923 2 1278902
a 1191971 104 1170835
a 1529238 156 1561941
a 93 566887 268
a 51646 98 79565
a 491716 83 546093
a 30 623285 30
a 1062365 59 1104079
a 225 1391224 31
a 829533 55 858719
a 852350 157 877991
a 591555 157 666052
a 901039 97 895715
a 39 285066 24
a 18 696653 17
a 1374289 96 1318597
a 32 903979 33
a 1113272 17 1073602
a 1561360 51 1534177
a 944298 147 983331
a 169373 41 225525
a 20 472698 6
a 1336004 43 1347668
a 1517898 34 1495259
a 135 362265 41
a 525616 114 481938
a 84 1432508 37
a 639385 15 637813
a 483794 18 462568
a 29 249421 67
a 1461508 11 1164375
a 36096 116 79434
a 81 30037 18
a 108 1552613 76
a 445441 117 479784
a 654048 13 657118
a 258903 27 257016
a 901029 21 886605
a 606522 12 534157
a 125 833847 70
a 57 1427297 97
a 161 867490 133
a 47 1273143 15
a 1478311 37 1473480
a 1151548 187 1324977
a 221545 68 248899
a 32 978409 52
a 45 679573 16
a 903830 28 893184
a 1579180 23 1573600
a 20 808339 10
a 1015049 203 960067
a 63 1324323 177
a 126187 10 120762
a 69 1073054 1
a 55 20323 16
a 80 372255 32
a 405 1123823 300
a 10 227960 29
a 1020337 126 974615
a 382401 68 340622
a 48 1304788 123
a 273042 150 310716
a 1272833 34 1269508
a 64 1116286 59
a 1151404 6 1176503
a 124614 19 132949
a 345 5412 25
a 1178146 97 1198607
a 197459 27 192633
a 33 1494057 336
a 943363 191 1036622
a 1102780 28 1082294
a 11 599829 125
a 1355143 26 1348826
a 657922 39 674372
a 1575476 49 1585018
a 195 1557907 65
a 41 143631 17
a 39 1548983 46
a 292081 66 337672
a 1262785 26 1246079
a 65 30512 15
a 11 350245 41
a 67250 106 25542
a 1493645 9 1497797
a 1345140 20 1340350
a 1067841 9 1072833
a 274525 3 268489
a 157 193545 21
a 1441301 200 1456162
a 27 282924 32
a 1131373 64 1177160
a 28 49917 95
a 24 229795 6
a 7 1062277 7
a 1 1054733 76
a 27 33041 24
a 1570621 17 1584449
a 233047 41 218764
a 714609 72 754243
a 6 380454 50
a 38 904819 41
a 32 1128104 18
a 1144718 108 1108127
a 1341901 15 1374774
a 55 1611430 5
a 80 1516657 26
a 77 386228 433
a 1198669 170 1076512
a 1249139 38 1236706
a 1008080 42 985073
a 1460981 4 1466129
a 854504 75 860722
a 967980 102 930022
a 1061063 10 1056039
a 1405792 155 1329872
a 10 511360 38
a 925107 12 920616
a 297 1282990 116
a 154122 44 129128
a 25 358524 77
a 317794 33 963988
a 19 171217 67
a 24 1409736 47
a 307615 21 294400
a 30 267157 23
a 11 314217 65
a 1574181 86 1526082
a 1386218 172 1423982
a 1160729 94 1202199
a 22 162665 9
a 39 1135615 35
a 352446 15 361478
a 96 3641 47
a 777497 38 747179
a 251277 20 253557
a 335115 10 425119
a 1293774 99 1344276
a 1367754 56 1376767
a 31 1326270 27
a 406202 21 395509
a 107917 2 101685
a 1349335 118 1291298
a 247 1001677 157
a 42 1062134 42
a 44 237120 41
a 13 95969 18
a 10 1410288 80
a 392912 60 361844
a 1530489 89 1575252
a 1569784 75 1584403
a 761865 212 629864
a 25 719778 13
a 1350605 15 1353917
a 27 687207 17
a 182 8143 310
a 27 515064 28
a 393287 292 277593
a 22 723148 15
a 1363898 22 1366181
a 440081 88 426715
a 141 403075 27
a 12 1498301 2
a 29 702291 21
a 71 1261344 109
a 70 178204 87
a 60 1248315 37
a 42910 55 41877
a 33 1086891 50
a 70 948161 36
a 1345881 123 1417635
a 149272 18 148211
a 545662 109 583102
a 41 485315 148
a 197 487917 53
a 64 1209038 16
a 58196 15 74789
a 984220 48 949643
a 862223 84 807265
a 418713 46 392649
a 1045310 41 1028762
a 1384051 32 1396833
a 1192601 30 1173737
a 56 176971 32
a 54 1414995 22
a 29 648987 64
a 18 695083 4
a 136 1536257 39
a 176 445799 193
a 78 47107 83
a 643625 48 617142
a 195039 86 229353
a 124 697606 564
a 47 1097006 28
a 594047 46 589755
a 66 1104242 23
a 55 128966 89
a 16 566944 15
a 77 762764 146
a 9 77099 35
a 325202 13 329995
a 20 1337395 12
a 124793 61 122991
a 229283 12 205842
a 39 38071 25
a 38825 8 64745
a 673835 327 742558
a 1602172 107 1612536
a 465 101525 7
a 178353 55 155497
a 747509 108 798567
a 473808 17 466419
a 21 1215253 50
a 1022916 47 989393
a 643800 52 630521
a 383861 7 380809
a 974198 4 974981
a 21 57278 17
a 20117 419 65774
a 837833 16 832061
a 69 9032 61
a 1503722 44 1571523
a 118 156845 52
a 50092 25 48999
a 863540 133 816344
a 479381 20 479784
a 1069945 6 1073444
a 30 986655 46
a 1228712 17 1191373
a 21 288100 87
a 534895 15 523320
a 35 1082705 90
a 190 284451 105
a 1141285 78 1175552
a 600436 64 625397
a 43 864826 32
a 292027 19 268407
a 109 338257 19
a 35 587862 6
a 3 486305 25
a 1178795 18 1164774
a 31 637421 25
a 134122 20 130476
a 269990 31 251339
a 779089 41 795448
a 160 605487 25
a 442039 8 496592
a 307673 197 329194
a 101 1044579 87
a 20 1399755 35
a 1242004 1 1244031
a 37 1469249 102
a 690339 39 710193
a 385428 22 391008
a 39 1249289 9
a 11 1478289 133
a 447659 2 445740
a 29 468810 15
a 130 1410117 70
a 158 1250435 134
a 1417219 35 1410116
a 32 135628 44
a 194891 18 208737
a 98 986876 135
a 98751 175 49536
a 16180 7 17544
a 196525 38 211175
a 97 987603 96
a 97 1412377 78
a 113549 81 173171
a 635938 118 652295
a 33 440741 118
a 252721 40 252720
a 1100394 8 1103466
a 86 836075 61
a 96 1262021 18
a 144 1351346 166
a 123 661201 145
a 35 16186 24
a 32 167651 30
a 736494 104 799726
a 1173177 18 1200314
a 39 1190847 38
a 1043082 27 1028387
a 33 462013 25
a 90 1271855 72
a 234142 32 235991
a 14 1077566 166
a 7 822992 92
a 15 91391 103
a 21 1460442 67
a 19 808331 43
a 855013 108 818279
a 789931 76 761242
a 37 488495 85
a 3 799235 1
a 576475 17 588663
a 53 210815 21
a 1194304 181 1190252
a 15 672662 20
a 1080953 25 1018123
a 1214889 872 871158
a 58 245455 109
a 642253 102 588753
a 44 1272946 57
a 35 19693 18
a 104 376746 10
a 27 1348995 53
a 795165 19 779638
a 1216306 137 1180911
a 34 557488 10
a 18 1019502 3
a 24 159986 84
a 5 936759 73
a 738754 73 644724
a 1440224 37 1436372
a 646748 13 597237
a 1439638 52 1438854
a 538459 6 546601
a 955205 36 980347
a 8 941718 2
a 112 564897 72
a 26 1403742 10
a 1571517 11 1572955
a 92 890124 91
a 64 1564259 115
a 1541761 40 1530397
a 602458 49 617032
a 1222737 171 1175917
a 1186579 19 1205238
a 691614 84 656308
a 1103694 277 982154
a 154 464386 81
a 637335 12 664229
a 1315404 51 1295388
a 1259841 54 1269190
a 51 223314 48
a 91 677344 111
a 97 1336350 52
a 764058 42 747996
a 258029 14 266940
a 1130358 66 1142237
a 1116594 12 1103469
a 1250 333227 30
a 930701 163 1031555
a 1131218 10 1127348
a 825690 57 884703
a 807202 53 734005
a 147 1351451 169
a 201609 20 229142
a 1028201 30 1031954
a 661989 66 652263
a 160 1345973 179
a 15 1182264 22
a 30 571453 39
a 83 1490432 95
a 118032 6 123459
a 32 793882 233
a 46 878010 67
a 122 1532412 89
a 505602 2 503694
a 434909 2 408447
a 360458 42 338490
a 34 822828 54
a 46 731455 39
a 43 682772 5
a 136 267064 136
a 70 567778 54
a 40 817997 45
a 609607 60 577089
a 16 1101317 240
a 298 896060 3
a 165 913590 36
a 1457219 20 1462797
a 94 10687 12
a 85 1310563 12
a 80 1338351 42
a 207568 844 174176
a 1539450 112 1510504
a 73 1471928 85
a 1079368 213 936030
a 40 1445654 22
a 1209174 123 1119700
a 170 116731 24
a 245212 56 236605
a 88 49784 18
a 423964 26 430905
a 941015 40 949561
a 804398 30 825687
a 149497 25 154416
a 994780 207 1045402
a 17 311956 21
a 1289108 31 1296882
a 789704 336 551071
a 12 1285881 58
a 53 1465994 395
a 734 1249262 12
a 49 391246 62
a 62 1496197 37
a 1 523336 58
a 2 23752 270
a 784242 13 792674
a 196729 19 196734
a 558032 454 563541
a 1103863 53 1106133
a 328 1004248 63
a 1388891 2 1378483
a 717380 34 705177
a 233 959084 13
a 105 726454 51
a 37 11519 138
a 23 1486482 13
a 1356710 17 1366476
a 36 116815 66
a 534414 30 548634
a 6 1062580 7
a 51 922353 17
a 49 1414572 40
a 60 940937 74
a 90 544136 12
a 7 1201414 7
a 341 523197 106
a 44 170482 45
a 1 610125 4
a 38 633259 56
a 7 57759 143
a 389477 15 399645
a 23 215929 138
a 44 787343 128
a 22 917178 20
a 69 1545814 16
a 20 1340368 233
a 299559 20 289174
a 46 840304 25
a 1551605 7 1557068
a 33 587352 26
a 116 1176061 15
a 58 1013318 63
a 8 951882 37
a 786275 32 808529
a 183 469416 52
a 330656 51 297767
a 988542 8 988910
a 1089999 17 1073736
a 166984 43 153898
a 60 1268008 283
a 55 1111683 25
a 41 1577201 15
a 1385178 49 1388560
a 323957 26 328848
a 50 239178 18
a 23 1103691 117
a 1496020 29 1518631
a 37 557527 17
a 653996 42 652496
a 72 84263 228
a 10 511615 15
a 1272265 26 1284281
a 5 1334776 25
a 632652 30 625251
a 31 508043 43
a 1356593 141 1358111
a 50 1455250 11
a 834670 29 823736
a 681370 2 677115
a 224 342779 69
a 155 487742 77
a 17 19440 16
a 1328681 320 1370054
a 58 168510 32
a 51 1010673 18
a 1195620 47 1193679
a 1085517 80 1060051
a 752352 29 750766
a 10 323798 9
a 28 244124 99
a 27 1414633 216
a 30 889447 26
a 69 114504 33
a 1013028 101 1038492
a 811090 9 813413
a 278090 77 239668
a 46935 160 17001
a 43 309577 144
a 1608090 37 1564873
a 1384760 95 1436253
a 8 207092 46
a 43 582706 40
a 245441 17 240188
a 82923 29 81487
a 54 1247563 46
a 15 657356 15
a 27 91359 7
a 1152399 99 1181457
a 213 463469 7
a 16 772882 168
a 134 1409524 143
a 737999 82 765034
a 354 1317874 56
a 16 584673 15
a 21 1548657 4
a 132 280878 159
a 28 1124573 477
a 11 1440547 94
a 109 13708 76
a 54 210060 212
a 842743 34 854193
a 1216835 2 1211788
a 41 715733 142
a 1204070 24 1190557
a 36 1507503 25
a 875581 16 885657
a 101945 59 263785
a 509126 218 446587
a 64 262027 16
a 46 429250 63
a 9 1469130 10
a 52 552060 78
a 80 1402907 44
a 476944 167 445722
a 1242406 305 1325922
a 71 1142695 32
a 491053 101 439242
a 15 628183 26
a 14 628116 18
a 1350827 34 1343399
a 21 909350 25
a 1201092 28 1218798
a 47 1111188 32
a 16 428427 18
a 27 42070 15
a 15 1086477 13
a 1151134 78 1153076
a 878541 3 880500
a 4 55970 61
a 634398 121 600097
a 112 767909 24
a 27 1282627 14
a 588502 55 622477
a 88960 19 86420
a 238 997076 33
a 940530 21 951769
a 56 1178900 24
a 44 523232 70
a 64 1262284 24
a 113 728583 177
a 679374 144 566093
a 1551581 3 1565564
a 1246504 23 1232167
a 1379325 44 1340035
a 2 700404 6
a 1115352 34 1110878
a 997913 170 937652
a 14 1217999 109
a 1234954 103 1234955
a 494 527647 14
a 55 1131479 53
a 92 1573142 104
a 54 883173 21
a 28 789970 30
a 1259690 51 1214584
a 931100 19 945823
a 1400305 115 1428985
a 106 347923 91
a 6 779282 8
a 803374 31 831850
a 16 635005 21
a 1595011 70 1525455
a 443813 322 523364
a 1272839 118 1261212
a 42 361576 169
a 1409682 52 1418346
a 867553 72 859869
a 23 640328 19
a 666170 5 686662
a 1384250 28 1383520
a 44 1368207 82
a 14 1094551 63
a 23 651995 21
a 1 1050944 24
a 184532 89 125500
a 1266523 143 1372981
a 39 174979 12
a 26 520909 48
a 146 97858 146
a 64 364429 2
a 731834 38 701818
a 58448 3 52401
a 48 1221329 31
a 1585650 28 1610768
a 603616 29 617823
a 37 486586 118
a 1609340 581 1445052
a 771779 15 757484
a 983250 28 978079
a 17781 93 166303
a 25 1364621 27
a 212964 17 201301
a 736386 36 748172
a 1303117 310 1300749
a 15 816504 15
a 776415 16 769768
a 58 239079 27
a 211806 12 208690
a 65 734472 273
a 224779 87 274735
a 19 89829 39
a 396718 40 462053
a 1221158 35 1198699
a 65 913869 123
a 22 1083900 39
a 267668 46 252809
a 59 489385 21
a 13 1188996 55
a 1364199 40 1328152
a 138 336863 26
a 1603609 22 1607909
a 3 744019 545
a 407037 37 398247
a 723150 37 748065
a 203 291095 80
a 939782 12 939782
a 65081 77 83229
a 217 1420124 36
a 189361 86 189369
a 277347 54 261434
a 751811 24 781532
a 1450231 54 1473203
a 29 1367721 52
a 137706 71 133247
a 100 82723 60
a 1341726 11 1345068
a 98 507905 19
a 474296 35 490313
a 220999 23 216355
a 6872 107 39994
a 30 1040248 5
a 186 1363128 30
a 21 332238 14
a 117 1085385 70
a 14 1300814 59
a 103 1251330 62
a 344348 34 323765
a 33 666389 20
a 295 872214 399
a 1021832 59 1039687
a 112 611258 57
a 67 919577 48
a 1568482 24 1587521
a 1274451 58 1280537
a 50 363366 88
a 6 1559412 3
a 843835 236 732664
a 1372736 29 1394955
a 94 761884 21
a 5 934229 5
a 498105 161 528574
a 28 34052 65
a 50 112807 45
a 41 497598 41
a 19 1256402 15
a 80 1452911 82
a 1608768 69 1542856
a 1399468 48 1403612
a 1572247 45 1585009
a 32 10179 40
a 837983 15 868030
a 108977 106 80642
a 523475 6 539219
a 150119 207 36028
a 1191287 143 1078924
a 1386105 26 1398613
a 328667 39 328672
a 67 1373209 72
a 27 335228 53
a 317114 27 308631
a 109 1454460 25
a 1139588 85 1075715
a 1 1478454 2
a 35018 56 11489
a 842494 2 859775
a 1281785 14 1286503
a 387 518771 67
a 1056331 93 963910
a 268405 17 268409
a 435663 102 450981
a 1563678 38 1551173
a 1192683 45 1212049
a 1538318 8 1534259
a 16 766050 16
a 773286 96 703589
a 995831 83 980202
a 27 22104 25
a 27 841505 184
a 45 1274029 150
a 294 270386 28
a 733273 88 659372
a 46 1543851 48
a 40 1471216 17
a 1089147 37 1097095
a 61 677105 140
a 8 1331648 21
a 86070 35 70936
a 28 315882 56
a 802068 49 825781
a 927481 29 901001
a 105 1226612 165
a 620278 70 608588
a 1329040 8 1304949
a 79 313049 85
a 54 650812 55
a 934905 22 934123
a 331972 156 334275
a 35 642590 30
a 1 22862 17
a 8 440540 14
a 712263 93 711073
a 106 1233190 144
a 998969 35 999363
a 823271 26 811316
a 957128 42 964580
a 20 49925 19
a 959330 78 1034583
a 790016 29 805915
a 877773 49 820759
a 262972 2 257167
a 1370263 486 1486801
a 1 292966 42
a 18 49392 11
a 1165667 14 1166078
a 73 752765 175
a 13 278834 14
a 38 1233542 43
a 97 108106 127
a 28 1268204 9
a 21 787111 18
a 27 1065030 124
a 27044 72 42384
a 12 64407 9
a 470730 133 422118
a 2 288487 5
a 46 361889 555
a 597069 97 583932
a 9 1580340 21
a 1194495 21 1188835
a 65 599080 31
a 746503 99 726264
a 14 1249847 20
a 824012 15 826324
a 58 356120 5
a 567047 3 559133
a 3 301404 50
a 6127 218 58986
a 88 377881 49
a 937415 27 932354
a 67 903986 64
a 26 242340 28
a 329921 54 241214
a 707522 25 698505
a 20 960590 195
a 241 877660 300
a 908606 35 895628
a 8 1490638 41
a 783943 190 708151
a 16 710743 32
a 640 190311 24
a 192513 145 208552
a 145095 12 156518
a 275418 80 156932
a 88 243249 43
a 1334974 98 1366518
a 126 528045 16
a 353716 13 360101
a 14 1121928 11
a 1491919 224 1563178
a 692327 13 645834
a 118 902840 98
a 798880 95 962783
a 280170 29 292123
a 41 1061689 31
a 1441346 71 1477604
a 482852 101 426592
a 201 1446901 54
a 1007148 30 1052888
a 27976 117 330
a 115 808447 96
a 16 1036784 14
a 1043670 8 1036922
a 712712 53 748527
a 501175 21 507027
a 14 495630 14
a 388633 23 387941
a 11 886605 37
a 997455 40 946918
a 358510 139 381771
a 11 1084585 10
a 22 876228 9
a 11 536694 22
a 399533 35 422953
a 737153 37 723640
a 400191 11 414338
a 628057 12 602256
a 66 762857 130
a 63 1105007 55
a 694075 363 901616
a 1597686 21 1605586
a 569175 153 503377
a 858247 64 881233
a 353914 18 366990
a 58 1257683 81
a 224539 54 206754
a 916 543227 42
a 796178 41 772983
a 31 494806 31
a 794601 117 803765
a 49 207530 99
a 23 225384 42
a 438168 8 445852
a 236 261439 88
a 39 548159 5
a 776133 37 761462
a 37 124508 76
a 944673 99 968256
a 132 474065 146
a 27 1065585 98
a 283137 25 271269
a 1134091 18 1043180
a 22 773722 55
a 7 5761 16
a 68 843589 87
a 53 607594 1
a 708796 67 645138
a 1371465 26 1420881
a 91 1036546 26
a 682045 110 661063
a 39 213202 56
a 942188 133 866958
a 56 1131129 88
a 1372474 85 1396185
a 1016711 15 974058
a 35 861996 410
a 233 148054 34
a 275 304509 126
a 13 776122 192
a 1344083 11 1332370
a 47 1184837 118
a 920344 145 845544
a 444260 173 496914
a 2929 940192 223
a 19 1462599 28
a 1446218 12 1426899
a 1469656 91 1429866
a 977959 16 963322
a 24 495663 26
a 1495620 97 1440469
a 26 125629 28
a 973181 33 962398
a 1573164 19 1559928
a 42 617986 267
a 799012 114 865875
a 56 1036095 26
a 260 348053 475
a 56 1413966 37
a 2 1127114 2
a 18 1098063 77
a 1060402 19 1086216
a 946 451676 51
a 1545826 14 1601737
a 1582925 12 1588363
a 68 488220 344
a 372714 5 373074
a 848542 44 862757
a 45 177030 430
a 1179537 103 1203993
a 297 1439026 23
a 34 73406 15
a 66 1391370 93
a 23 708790 80
a 201419 49 232657
a 1190028 57 1207591
a 32 605196 68
a 1163125 269 1080271
a 35 619720 76
a 336821 18 351543
a 208 1362039 208
a 1387441 144 1441341
a 1112740 53 1096490
a 75329 26 89197
a 1171771 11 1181199
a 935920 50 934769
a 37 929583 65
a 14 1542422 6
a 66 263462 40
a 862344 79 1176132
a 1184604 16 1155107
a 94 1126971 100
a 135 51182 104
a 69 1410184 57
a 773865 102 723358
a 240008 49 247996
a 279254 67 307324
a 132 956454 11
a 16 604261 271
a 40 1172879 22
a 953180 22 906156
a 388339 142 378111
a 100 428466 113
a 603458 19 589862
a 1459252 15 1449432
a 27 160424 37
a 38 1187244 110
a 834982 240 890677
a 1303143 41 1349108
a 130141 65 181444
a 141 1050091 63
a 1462860 32 1443667
a 36 543649 1312
a 782706 51 765602
a 620730 13 589136
a 36 1454589 313
a 10 1016055 32
a 48 453210 29
a 45 1339167 177
a 1064650 135 976292
a 812098 52 784681
a 502876 10 512102
a 559142 35 602400
a 263 440162 39
a 19 1467640 24
a 187 1514981 43
a 30 1376662 31
a 147593 27 118441
a 1247558 50 1241618
a 950910 20 956914
a 70 1057718 116
a 18 1483653 42
a 507275 260 472811
a 18 353186 23
a 881835 27 947794
a 656835 46 657621
a 31 975436 32
a 112 552504 177
a 79 1495186 38
a 57 1527459 48
a 8 855021 248
a 82 910851 34
a 957573 19 953138
a 1272912 22 1327566
a 54 23039 27
a 1212068 28 1206236
a 20 1450304 35
a 283 847720 41
a 395575 57 407817
a 14 634812 363
a 59678 57 20161
a 507415 54 456937
a 28202 46 14328
a 16 12133 18
a 412950 16 329869
a 1554299 48 1580865
a 17 1083919 84
a 46 1400109 32
a 21 847205 9
a 601291 50 569078
a 112530 155 107928
a 586182 75 552303
a 28 1315737 26
a 1095297 87 1126089
a 10 87079 35
a 1392037 68 1345177
a 32 511560 23
a 2 572139 29
a 309293 20 306847
a 351847 15 340028
a 40 372314 63
a 1085978 13 1086329
a 94362 3 128441
a 194407 98 169570
a 17558 29 13653
a 2 873748 2
a 168 646351 18
a 21 416364 19
a 665525 40 707344
a 31 998840 84
a 1078670 33 1077182
a 649451 13 657548
a 59976 39 56794
a 793354 28 779392
a 1159764 13 1158591
a 25 511377 18
a 1081859 76 1061048
a 10 931317 69
a 68 233648 19
a 1287528 105 1256501
a 142 1569868 39
a 3 1225392 546
a 44 472957 52
a 47 1445201 27
a 83 336960 104
a 80 1219168 80
a 1282041 656 1138376
a 1571114 21 1571484
a 909129 10 912590
a 685986 72 585252
a 1473407 51 1458320
a 1130755 47 1119138
a 1118482 32 1113612
a 646355 11 658693
a 440479 28 463323
a 117 1199099 119
a 64 1099855 41
a 415 1490869 57
a 25 1463217 23
a 132 139297 14
a 20 743165 69
a 265387 49 270645
a 432259 14 441779
a 76 405772 290
a 798745 32 794409
a 26 339758 15
a 1167588 19 1064670
a 281800 89 230839
a 260584 182 300382
a 117 529771 37
a 921956 266 983747
a 697887 153 761597
a 134 192884 307
a 1180709 80 1200737
a 500872 85 457436
a 185403 53 180207
a 43 943343 27
a 696312 1274 510541
a 992077 32 1116206
a 1349998 808 1610272
a 58 527529 23
a 1031144 19 1028542
a 1494598 109 1450974
a 19 1261339 119
a 45 1554675 8
a 190361 365 66238
a 1037690 27 1064349
a 844105 95 872006
a 72 1111084 72
a 1101799 192 1046615
a 336196 3 334283
a 9 717371 80
a 30903 201 15899
a 1240472 32 1146925
a 1535347 153 1579511
a 16 979274 17
a 72 292685 154
a 69 1242498 21
a 1207232 82 1148647
a 1557481 96 1528904
a 1010529 15 1011255
a 448285 23 450999
a 1074214 49 1075337
a 117 1203722 42
a 25 573591 41
a 1607182 166 1465590
a 523 520442 193
a 1441531 29 1315285
a 67 128332 241
a 7 1258892 17
a 18 774880 220
a 20 1099817 22
a 294608 112 293500
a 8 903488 2
a 169766 9 168618
a 21 1487386 219
a 31 616786 317
a 21 497709 20
a 32 467990 25
a 97 132682 106
a 698348 165 635461
a 19 1432493 17
a 2 1033804 9
a 55 936745 31
a 70 138965 20
a 1533088 77 1483310
a 22 461983 83
a 392961 36 416347
a 82259 7 88759
a 1351924 90 1349343
a 28 733077 21
a 6 335534 124
a 1129607 142 1394518
a 69 122111 49
a 1 182203 1
a 884503 160 960609
a 103 1006982 70
a 964807 39 946390
a 1512474 7 1509960
a 475200 181 529728
a 603042 95 590193
a 380 643944 49
a 1411882 53 1385788
a 116 367562 35
a 1069449 65 1087318
a 108 783358 174
a 4 290990 10
a 204 115250 76
a 24 951495 37
a 9 1496574 84
a 263144 22 258486
a 59 1156079 31
a 1166025 12 1172213
a 1322103 147 1238231
a 148 1192648 14
a 762472 381 906632
a 950321 21 907191
a 34 749917 39
a 72 780041 379
a 9 129622 12
a 1100708 12 1089360
a 54 979937 51
a 15 1595197 87
a 1287673 31 1314691
a 848841 10 847681
a 485817 46 468619
a 39 1291546 48
a 308 1553685 114
a 1230313 55 1246924
a 209352 24 209355
a 12 1550630 17
a 175 366354 84
a 514887 228 451558
a 188841 41 217076
a 1572498 80 1562245
a 478907 63 496015
a 1393370 32 1393372
a 5 1501592 13
a 72588 323 234961
a 586257 12 569913
a 129 922004 140
a 25 312659 17
a 234 1582212 34
a 48 122906 6
a 13 90560 170
a 1590725 155 1504410
a 100 88426 114
a 144300 19 148359
a 6 1104276 9
a 604726 42 593514
a 143984 310 11189
a 727761 20 722345
a 706937 9 684402
a 34 1416041 282
a 497785 19 503557
a 233276 48 247577
a 501633 36 500431
a 63 1602500 49
a 77 451987 33
a 1383858 126 1310637
a 126543 23 145641
a 1431346 14 1444204
a 1398017 52 1449781
a 10 690545 64
a 123451 44 123836
a 106 463217 40
a 922038 27 926621
a 1349538 308 1500160
a 839 1607043 470
a 372 1523274 38
a 23 616562 283
a 233 1542169 138
a 25 936375 44
a 32 1599679 52
a 559586 169 550389
a 49 749343 35
a 32 227882 32
a 538399 58 558842
a 1610271 160 1554723
a 832896 106 825030
a 504472 4 503679
a 568179 48 568963
a 7 1430936 12
a 659246 528 817591
a 2 922163 15
a 17 1393591 31
a 81277 115 38979
a 636378 106 870718
a 4 1345502 3
a 1252565 43 1285839
a 490542 134 380460
a 684632 29 703634
a 65 981402 23
a 968885 2 957368
a 213 1601420 17
a 28 333184 17
a 29 409064 68
a 1029231 148 1041682
a 1134246 390 1211760
a 546996 25 548538
a 1411135 42 1433473
a 798105 257 968651
a 75 457322 6
a 10 1051018 14
a 87 54 16243
a 88 1031101 118
a 9 617090 42
a 7 941400 38
a 1540712 266 1520403
a 12 1103390 37
a 434250 23 413578
a 863798 40 912284
a 473773 92 502511
a 38 1357926 196
a 945148 70 945532
a 68 330384 41
a 16 154241 27
a 12 724489 29
a 901889 46 883311
a 196 1110399 51
a 12 1282579 49
a 1006222 74 1037883
a 20 709236 31
a 65 327330 67
a 28 1486222 188
a 1270941 96 1295231
a 402004 31 400919
a 591337 33 541207
a 991110 26 1002339
a 88 828220 112
a 8 688959 18
a 55 305657 21
a 22 71181 50
a 291112 257 189925
a 349834 99 365324
a 23 781681 17
a 331 1614497 113
a 1044411 3 1057117
a 512338 5 511183
a 21 862644 35
a 608955 50 610124
a 21711 56 65032
a 848620 178 748034
a 1335779 9 1321028
a 71875 14 39745
a 70 338852 148
a 21 1600980 36
a 55 345164 56
a 25 295204 156
a 1462977 336 1378976
a 1044672 59 1045035
a 15 252198 41
a 5022 208 310787
a 1209088 27 1215989
a 1529484 66 1547857
a 46 1440848 53
a 1582267 56 1591624
a 283975 48 294480
a 93543 23 67152
a 1115750 237 1129962
a 128395 37 146010
a 1394391 402 1431024
a 31 117416 41
a 1062 382843 83
a 79 803222 105
a 80 1559080 36
a 897606 18 874717
a 36 1052650 82
a 297225 33 328581
a 14 1542292 31
a 1421787 50 1407747
a 1212898 37 1208327
a 1250490 182 1268460
a 1024453 63 1082246
a 1226664 129 1172397
a 65 1469196 35
a 948680 311 880053
a 22 223878 2
a 273107 95 316958
a 1306290 919 1601881
a 17 114556 32
a 561 279559 294
a 34 1286258 96
a 10 1528365 53
a 995405 52 1010744
a 1443143 6 1446604
a 314021 24 295738
a 913931 5 874565
a 147660 96 93063
a 73 680408 111
a 38 998601 40
a 636150 102 670538
a 1049028 33 1067818
a 793066 104 674386
a 27 674957 21
a 182 1425432 36
a 27 514991 80
a 1537797 25 1536302
a 468859 7 473981
a 102 459211 88
a 447910 28 442489
a 45 1486524 108
a 70 417865 37
a 1469082 365 1364025
a 1236285 33 1237037
a 1187838 377 1175403
a 617511 33 608914
a 103 534042 22
a 245543 39 187167
a 94 907069 50
a 52 185971 15
a 1196293 37 1189523
a 818101 49 824274
a 90 34631 288
a 1476376 66 1504579
a 52 933278 93
a 958695 58 1000211
a 182 1307773 20
a 98 331102 96
a 32 1074149 21
a 31 1437647 50
a 174 826161 57
a 886199 27 893369
a 223350 67 230824
a 285 1086489 362
a 402459 669 614749
a 2 33611 32
a 952879 115 977203
a 42 173145 448
a 422722 27 370757
a 20 619755 8
a 78 1571092 15
a 4 871674 179
a 278802 33 297760
a 910139 48 1020591
a 21 1221386 28
a 171 191945 346
a 27 497585 15
a 688779 46 728513
a 34 1124982 90
a 1199320 87 1190999
a 1290728 123 1341384
a 41 1196208 15
a 1482402 550 1320713
a 828260 51 819817
a 101025 80 52843
a 77774 93 61599
a 64 1489077 70
a 44 425238 20
a 83 850388 11
a 1320857 111 1343233
a 23 79815 38
a 974215 369 1093400
a 194 662643 37
a 749889 68 703541
a 747954 53 712878
a 902878 81 911424
a 1027187 33 1002231
a 34 163659 70
a 20 531178 20
a 54 479651 47
a 627087 109 695339
a 13 1601680 59
a 27 5824 70
a 536025 81 569825
a 980007 22 943636
a 63 1229359 56
a 1505106 106 1499882
a 152 160738 71
a 30 1072930 48
a 578986 39 550410
a 665164 13 704224
a 1084676 21 1077447
a 142 205244 35
a 1389429 490 1388719
a 1003445 10 975714
a 1175675 28 1241016
a 18 59871 25
a 346218 6 355775
a 5 878704 56
a 834840 218 942496
a 23 1391106 59
a 109 1449000 28
a 35 1316394 21
a 963335 6 897887
a 20 1007578 25
a 98 658522 75
a 8 838213 3
a 1349915 38 1360393
a 1089099 20 997640
a 61 1367630 121
a 4269 48 4295
a 83221 146 65787
a 1242932 22 1262406
a 26 76051 11
a 1042557 47 1028996
a 118 1292211 66
a 60 59053 50
a 283117 32 288044
a 1188838 45 1176335
a 29 1298724 35
a 1593861 5 1602703
a 105102 293 12717
a 439646 51 464429
a 19 924498 31
a 936093 35 931508
a 45 1172203 73
a 1158675 15 1156017
a 450911 18 450905
a 20 1418677 37
a 879080 254 853764
a 850 840242 49
a 628445 18 667418
a 71 1013089 38
a 1084300 79 1175218
a 1436421 38 1436032
a 758734 13 776117
a 22 186866 43
a 1491840 1 1491840
a 573971 55 555709
a 26 322215 31
a 985491 4 985495
a 4 81578 151
a 23 1174477 58
a 16 644585 2
a 55 842982 21
a 984543 9 981129
a 34 332127 17
a 8 1312990 12
a 61 389850 25
a 1013529 88 943099
a 44 690505 9
a 12 65828 37
a 73 628258 14
a 326600 272 323502
a 46 199530 63
a 556037 26 504405
a 29820 68 38513
a 142 1276071 99
a 726637 8 748415
a 53 646057 52
a 30888 13 21062
a 1330244 3 1323020
a 720843 88 724756
a 740190 29 739808
a 90 1253626 68
a 1612579 15 1612114
a 1172306 54 1176968
a 847366 5 849665
a 167 1224401 71
a 138671 5 150748
a 25 794889 37
a 18 17424 23
a 240 111169 80
a 126308 47 148266
a 7 43010 4
a 14 731448 29
a 333980 11 367106
a 83 841666 28
a 848305 27 791675
a 216264 96 304061
a 61 327208 12
a 350 561563 43
a 331660 88 296970
a 1193106 41 1210943
a 1496249 33 1491802
a 981341 39 986569
a 17 6195 51
a 41 1409212 42
a 856489 63 699227
a 126271 138 131758
a 439077 67 295679
a 57497 735 351260
a 1052653 13 1032511
a 17 82832 21
a 13 1156345 13
a 58 167405 55
a 19 77451 37
a 1019518 160 954029
a 359119 43 329346
a 1234520 32 1228783
a 97 1381643 92
a 459668 75 448227
a 420124 7 418895
a 770870 25 776328
a 506249 9 511618
a 5 1367728 34
a 281 1132467 227
a 98152 57 102133
a 79 1231118 66
a 33 756545 35
a 26 176820 5
a 1575346 106 1545672
a 8 1124834 16
a 69 1607281 57
a 1438298 14 1407555
a 67 4442 70
a 672255 6 682948
a 1522663 41 1552503
a 77 269723 21
a 22 1524116 19
a 751582 78 753493
a 71 1027236 190
a 846534 145 1045500
a 1386046 25 1366186
a 25 37426 14
a 30 658666 40
a 62 986255 86
a 4 384304 6
a 161208 26 290944
a 35 1320496 70
a 61 304644 25
a 20 1361320 66
a 606617 38 600650
a 79 1301908 73
a 22 1405721 17
a 1045195 34 1015610
a 1363649 60 1340575
a 560843 36 569193
a 19 966417 151
a 8 847507 50
a 1235555 298 1261924
a 1399411 20 1376831
a 1210396 211 1209640
a 129571 115 46194
a 54 1371251 682
a 5 793689 20
a 40 1218810 14
a 28 450184 40
a 48 504431 22
a 1211353 197 1139635
a 21 1090647 29
a 1468619 127 1413991
a 93 209199 126
a 154 178406 58
a 490847 154 448241
a 41 1026536 768
a 724731 9 728186
a 16 321368 14
a 976272 68 1009036
a 63 1548404 245
a 182 1566287 94
a 13 880153 27
a 837592 38 881471
a 469168 27 475078
a 257417 45 220610
a 222 233009 7
a 1193113 26 1182075
a 45 1102024 97
a 141970 5 128503
a 23 767717 44
a 1416252 25 1414698
a 367359 124 312868
a 50 1520865 8
a 87 933556 52
a 8 1555806 145
a 495872 5 500027
a 69 967824 104
a 559834 45 552546
a 53 727373 62
a 165931 194 105879
a 49 1582219 50
a 18 677125 32
a 1457153 70 1501173
a 135 1589427 65
a 118523 56 28847
a 222800 122 164304
a 52231 20 56877
a 9 630351 18
a 113 152248 162
a 85 1284419 21
a 447900 33 470919
a 11 969715 27
a 47 458408 21
a 23 1356029 62
a 292460 29 276390
a 210 281916 371
a 100 1027094 67
a 53 626354 28
a 20 1196828 90
a 29 879246 85
a 25 628874 370
a 153 836679 203
a 24 969479 43
a 84 39160 17
a 76 1074172 15
a 145331 65 249001
a 1023871 39 1030698
a 25 999613 75
a 67 344351 64
a 26 462703 30
a 32 1490979 10
a 1408639 21 1424118
a 285 762261 38
a 9 302919 1
a 163 1336433 28
a 1154 157 24288
a 493938 53 471714
a 303207 13 297625
a 21 774745 28
a 235675 95 275525
a 18 685428 47
a 81 369719 53
a 23 34191 20
a 26 1463947 31
a 26 65505 139
a 10 1369744 22
a 864485 37 875456
a 1217561 26 1192302
a 3 141371 33
a 1037310 71 1015964
a 19 1566787 32
a 50 952871 31
a 153982 47 169734
a 30 816559 460
a 460566 124 421550
a 437964 45 449051
a 9 1324615 25
a 17 502463 31
a 224 1457230 216
a 282759 114 293262
a 19 765847 68
a 1382135 23 1376092
a 1605058 6 1516588
a 28 13095 6
a 73 1453590 37
a 58 553690 145
a 1419177 61 1453554
a 76 53555 33
a 672671 114 727007
a 968662 41 966044
a 16 1211367 12
a 31 1004252 20
a 293967 61 310339
a 1035976 72 1003842
a 569656 130 617223
a 5 541731 140
a 1257407 17 1250280
a 1204817 106 1168193
a 44 1537090 36
a 480081 16 482039
a 1156232 25 1157763
a 485 1169461 192
a 25 1147301 253
a 26 1351091 53
a 1078448 32 1069340
a 26 1220890 52
a 186 536010 44
a 71 1560750 50
a 103 1095885 86
a 239982 24 220574
a 100 1301919 82
a 29 49007 33
a 237228 14 232751
a 1518044 45 1507287
a 1577928 86 1532644
a 9 1400178 107
a 1277347 78 1301735
a 405901 476 351266
a 1330809 36 1301670
a 158 1095423 209
a 1475329 68 1493812
a 31 664868 68
a 475264 96 513545
a 31 553424 100
a 23 871985 23
a 27 1177001 296
a 123074 21 4773
a 17 1434993 14
a 369495 58 385986
a 579875 24 587848
a 210285 69 238168
a 17 861768 19
a 109 467057 216
a 638799 11 627039
a 1133909 57 1106143
a 69 466214 25
a 51173 59 27713
a 35 1283218 47
a 753278 37 775443
a 10176 10 10175
a 20 1103314 79
a 624987 41 656456
a 178 318250 52
a 23 528881 34
a 285 1109207 340
a 67 1054870 98
a 371681 131 365688
a 1404634 21 1413212
a 930967 8 931741
a 200 917329 169
a 508101 64 494706
a 1157183 32 1166776
a 39 383857 50
a 51 165278 27
a 43 1012565 93
a 69584 19 65487
a 70 1456963 316
a 63 996516 30
a 5 1376391 146
a 32 758593 31
a 65415 33 15501
a 251539 8 270541
a 13 168885 29
a 118 518853 25
a 35 685790 21
a 31671 20 4996
a 1083961 49 1069845
a 44716 20 26189
a 63 1576343 46
a 494294 91 450912
a 25 519740 8
a 972689 80 1048000
a 514410 78 466794
a 779762 8 816533
a 73 1190525 23
a 157 1015521 24
a 1428755 4 1436143
a 66 1219876 18
a 986037 11 976678
a 764007 63 763577
a 858077 68 869238
a 32 1472246 46
a 93 934864 144
a 1201553 33 1131684
a 52 1417656 349
a 1366421 28 1377319
a 11 511864 149
a 340866 16 320478
a 1538659 127 1591307
a 57 1080873 59
a 174382 42 163857
a 19 1282268 87
a 72 891644 59
a 280 402476 134
a 515588 121 591571
a 79 35357 21
a 39 1422896 15
a 7 635738 128
a 1285888 19 1271582
a 1088164 85 1234093
a 24 360327 18
a 32 456071 4
a 1204587 37 1192699
a 723692 5 722153
a 291 1493306 74
a 25 651716 21
a 390960 11 387613
a 86 1523925 146
a 77 647868 203
a 1439554 118 975793
a 10 1317169 27
a 15 1240801 24
a 1329433 33 1342764
a 6580 19 33265
a 319833 50 318677
a 1043363 23 1033988
a 443922 94 452761
a 279 215978 126
a 126 1387598 62
a 1533118 29 1537100
a 7599 37 101966
a 1001982 99 1066863
a 383947 84 402022
a 205 761154 73
a 405802 75 385809
a 149727 230 243643
a 543085 107 537331
a 976885 22 969695
a 56 844210 53
a 1607086 277 1611066
a 91 269689 34
a 42 1486790 119
a 346848 108 258710
a 194642 139 341284
a 13 1462328 221
a 1303611 30 1300103
a 1233631 212 1306361
a 69 1372538 47
a 44 769725 164
a 723624 32 702443
a 262798 49 303666
a 117 1129210 97
a 53296 262 99349
a 1500874 95 1474909
a 6 745461 510
a 40 950126 8
a 65 1043459 141
a 473536 379 634173
a 80 1600814 112
a 1 114372 1
a 1058454 143 987653
a 1595905 27 1578975
a 315136 1 308595
a 591141 21 599034
a 849920 46 849578
a 703469 44 548680
a 51 102089 36
a 1346884 73 1355774
a 48 419031 23
a 184410 164 211525
a 416088 133 362384
a 297 878857 8
a 1567898 3 1562489
a 785254 17 796475
a 22 930312 44
a 123 422755 161
a 113 244080 10
a 1465707 38 1479777
a 68 195313 56
a 505099 85 509730
a 1152335 42 1151552
a 5 362532 12
a 14 768078 60
a 613119 26 586497
a 6 371400 5
a 530009 168 592770
a 198408 62 195396
a 1470589 24 1474190
a 41 1338888 24
a 84 626901 82
a 51 150917 4
a 13 257733 18
a 120 1543220 77
a 1472593 40 1493263
a 1453765 18 1459778
a 130 117838 138
a 79 275774 1884
a 294876 10 316645
a 135105 69 201292
a 1242549 158 1282057
a 1019559 47 971605
a 4 511726 336
a 453393 761 760900
a 245996 57 242266
a 576 1441309 822
a 199004 504 76594
a 1174414 161 1181106
a 53 257044 15
a 825607 107 746861
a 13 370961 146
a 1602369 67 1580776
a 37 1471192 21
a 342339 10 327059
a 120953 44 106557
a 690151 51 668527
a 21 448005 53
a 1044062 63 1015979
a 167 127432 159
a 1379688 43 1379336
a 527236 47 544542
a 829785 27 846361
a 510280 71 498005
a 22 427992 241
a 39 1416967 42
a 33 1338398 3
a 228989 20 245400
a 55 412165 17
a 477986 4 479543
a 401881 9 384555
a 67 892457 48
a 1608534 420 1464571
a 91807 34 93258
a 554241 94 512953
a 613486 72 569047
a 18 690756 26
a 41 952698 71
a 1 1506064 57
a 277 680040 64
a 25 184886 25
a 1564066 74 1525226
a 41 333722 39
a 89 614381 18
a 971986 13 1043536
a 545030 19 545441
a 684829 13 657972
a 1039670 119 1039285
a 21 726234 27
a 32 339971 101
a 465 1462255 16
a 899499 145 909866
a 31 1210775 30
a 40 1347520 66
a 120 1290171 2
a 985367 151 928876
a 1476158 83 1442955
a 24 916341 19
a 1014398 19 1003273
a 1341136 16 1315944
a 1175814 166 1012167
a 1005369 41 1036731
a 34 526687 73
a 243 1468647 238
a 143 904008 4
a 1396135 10 1393906
a 81 1134423 22
a 36 611356 54
a 11 174473 145
a 1488312 24 1489451
a 20 839323 99
a 570628 181 457047
a 1486022 2 1528782
a 97 1435368 263
a 39 37582 53
a 50 303482 316
a 37 697300 46
a 206 893300 43
a 1186883 21 1175185
a 29 266405 16
a 347912 50 364210
a 21 1246414 127
a 685044 58 664960
a 1445731 27 1431013
a 1300302 35 1303008
a 112082 119 140422
a 1063349 67 1027608
a 50 861490 62
a 70 639348 22
a 1330057 9 1316317
a 704859 8 711929
a 11 873737 2
a 1446430 116 1510145
a 2 3686 46
a 48384 18 42002
a 1490434 42 1476860
a 604567 206 669841
a 1515054 165 1502757
a 667103 30 647165
a 174 341951 50
a 990352 15 984753
a 24 1108075 16
a 1122589 55 1174935
a 61 1446645 73
a 1229369 141 1280701
a 1054820 13 991289
a 104 633472 130
a 1483536 19 1487579
a 904067 45 882066
a 722991 42 706120
a 101 1312917 204
a 98 357632 11
a 1184837 116 1213181
a 330 1017858 327
a 16 763222 28
a 88 971457 195
a 385 685345 64
a 1148391 126 1179694
a 72955 22 89644
a 15 883018 11
a 1545541 18 1567509
a 45 483225 26
a 119 961337 8
a 21 1077867 114
a 30 939888 36
a 50 1370599 155
a 20 602098 4
a 64 974604 65
a 31 1239276 143
a 16 1487774 35
a 10 902872 13
a 12044 63 14482
a 53 797029 15
a 656072 38 671378
a 1184516 66 1172328
a 926801 52 958560
a 11346 47 34840
a 29 588567 4
a 363333 2 387385
a 951848 439 926929
a 52 39741 61
a 73 835252 135
a 1346505 13 1365927
a 12 733981 482
a 38 1027989 63
a 77 155883 27
a 429564 19 440922
a 62 1529170 128
a 1014887 21 1032426
a 633279 15 662870
a 903707 19 913686
a 3 949871 74
a 33 116121 168
a 109 102149 66
a 41 81372 94
a 153 106996 76
a 129 1272051 78
a 22200 18 17379
a 21 1536292 12
a 29 1524149 59
a 217 1271257 61
a 501386 71 494563
a 16 1065633 15
a 50 578704 34
a 397064 15 391808
a 774232 135 799698
a 645287 38 632383
a 1386055 80 1416674
a 1374439 23 1395934
a 697876 49 637001
a 541362 54 546117
a 764157 70 796879
a 47 557702 109
a 991598 29 988908
a 11 23973 15
a 1442019 51 1444359
a 704453 19 699742
a 425015 26 439538
a 947118 41 962586
a 170 228850 60
a 14 808687 75
a 21 1435562 1
a 45 566181 24
a 133 560039 67
a 1529609 19 1531474
a 129981 43 110217
a 80 110782 23
a 31 491903 24
a 1460392 102 1404908
a 534253 120 592787
a 101 85351 32
a 173802 14 163323
a 49 680927 48
a 20 993011 313
a 239 1474471 47
a 21 1295698 33
a 166 1378495 267
a 724827 562 902606
a 16 642030 7
a 527041 47 485344
a 771939 29 760810
a 20 1036354 42
a 1517098 18 1522843
a 161472 42 183634
a 617255 132 491630
a 1360264 14 1365845
a 25 545616 15
a 756879 35 783493
a 421636 467 234585
a 722596 437 771175
a 71 457177 131
a 661740 1 657024
a 58 543281 42
a 36 1281284 13
a 962980 21 964809
a 1436634 13 1446712
a 406594 34 408960
a 16 1328402 34
a 20 503435 40
a 58 1540048 8
a 16 1166892 16
a 1322434 41 1296633
a 149 752495 37
a 194 270268 55
a 30 347871 43
a 26 741584 90
a 137 823268 1070
a 41 1459220 28
a 136380 32 148498
a 1494067 9 1485084
a 57 784731 50
a 1005887 30 996657
a 119 520881 108
a 26 395670 21
a 1051651 61 1078656
a 868913 50 826399
a 1477485 40 1503823
a 1184346 5 1179588
a 672844 76 652556
a 48 31388 203
a 17 1164073 61
a 1256926 40 1269652
a 426833 216 495493
a 15 1608573 34
a 591 372813 48
a 83 456640 67
a 32 566125 22
a 36 473345 28
a 2 1208350 17
a 136 814394 142
a 391416 58 385880
a 141563 289 234260
a 42 111358 48
a 75 1598577 10
a 20 934498 27
a 387499 142 366800
a 18 1396039 29
a 1506811 40 1506449
a 957791 19 963033
a 40 1490300 8
a 33 1118845 52
a 948776 59 966709
a 57 400080 16
a 86167 57 124970
a 133 986471 44
a 12 948781 22
a 52 74268 50
a 637059 84 602717
a 51 57404 166
a 38 387913 18
a 79 1472285 98
a 9 1369132 197
a 1112717 51 1076405
a 1401443 123 1375451
a 1028942 28 1029288
a 145333 55 166100
a 588597 58 556680
a 402920 101 368757
a 326 41120 86
a 88 1580003 11
a 1273048 31 1225082
a 1006996 39 1013199
a 482769 22 482365
a 585883 89 831471
a 490 955866 291
a 907632 963 1238274
a 1419801 60 1392961
a 389663 150 457914
a 355413 77 345456
a 1594198 40 1608212
a 41136 17 54614
a 853043 240 821272
a 1327074 126 1403388
a 1282397 7 1247999
a 1100384 123 1043330
a 181 498607 7
a 1091765 95 1059600
a 32549 80 6703
a 504698 44 520847
a 122 463840 39
a 1542062 165 1611937
a 144278 111 113348
a 135299 8 166066
a 181715 233 347909
a 931880 47 940324
a 41 1009231 39
a 53 1518933 71
a 169 545004 370
a 20 38327 86
a 317979 12 319154
a 16 414530 58
a 306170 5 306166
a 87 1102984 954
a 1337477 39 1327270
a 53 736913 119
a 1341005 277 1239282
a 760 550226 229
a 35 96329 115
a 15 1179215 37
a 156092 20 136483
a 13 65854 47
a 438756 31 443742
a 36 310334 228
a 1056626 4 1042428
a 93 567145 75
a 197 344422 170
a 300222 100 315292
a 41 45606 151
a 85 704021 398
a 27 759104 33
a 342173 26 370900
a 9 690553 10
a 26 841535 22
a 100 703892 28
a 198122 192 184199
a 716958 53 723574
a 1551125 18 1539056
a 14 1284110 106
a 183219 55 175712
a 88471 17 74572
a 935445 118 915042
a 120 1062398 53
a 75 1223494 67
a 49 955575 51
a 17 561970 10
a 77 1397952 102
a 497345 13 488769
a 66 448792 47
a 18 1554303 266
a 645256 135 616446
a 842990 67 854812
a 24 895624 16
a 316 1585145 125
a 13 946989 15
a 990668 33 1008117
a 1380449 158 1345630
a 3 1337403 3
a 17 1520527 9
a 22 1596418 58
a 81 13238 18
a 1274707 323 1393609
a 1425349 13 1406449
a 2 130703 14
a 966405 49 980722
a 696445 39 697623
a 93508 85 85528
a 71 717744 109
a 618974 3 637998
a 8 727269 86
a 1209064 208 1224949
a 1342558 48 1314376
a 1024568 22 1008528
a 39 1533990 68
a 361405 7 347701
a 9 1156397 1
a 32 491780 160
a 467903 48 465497
a 9 1330041 54
a 857336 122 799856
a 27 406650 73
a 124 882749 68
a 285 997848 36
a 6 1578260 17
a 1595398 30 1610778
a 96 164200 36
a 1466616 7 1475057
a 3 573611 57
a 237325 10 238838
a 621732 8 621342
a 1 1606086 1
a 1558789 14 1599875
a 224179 45 225681
a 163 882220 50
a 807364 33 830784
a 13 581551 34
a 21 924508 48
a 45 1495027 23
a 683888 5 677694
a 1477412 14 1480143
a 42 303108 31
a 26 1350326 8
a 49 1540425 102
a 1425904 156 1525776
a 2 1155542 11
a 171 1155476 34
a 44 620370 112
a 10 377664 14
a 7 246536 9
a 100 458748 57
a 38 249513 46
a 88 1423265 120
a 329408 214 374436
a 49 906202 59
a 100 928567 33
a 276 485423 10
a 966907 50 957678
a 201247 12 207572
a 58 1073601 450
a 556811 163 543267
a 627091 46 618985
a 721609 21 749926
a 64 202216 52
a 823264 59 791506
a 1406671 108 1434376
a 1430446 100 1462492
a 150924 22 138823
a 774753 34 828987
a 42 712048 10
a 642058 61 656330
a 27 669104 56
a 1447985 62 1332758
a 313894 44 324735
a 350953 65 362620
a 1448950 190 1417563
a 905141 17 896763
a 827396 15 848880
a 1570778 32 1548331
a 1197025 44 1188261
a 21 990608 12
a 98 1358431 11
a 2 1551419 2
a 20 301425 72
a 77 1043494 43
a 704791 327 770954
a 196560 10 202598
a 89 1593387 75
a 209927 15 213755
a 1442812 24 1452332
a 748469 23 746965
a 1170863 19 1180257
a 143 1343547 65
a 1347064 45 1386369
a 1066138 39 1083625
a 212063 69 231287
a 233005 33 228581
a 288592 47 301605
a 618509 49 602795
a 1296970 24 1300493
a 341085 16 388853
a 636435 51 643140
a 72 573255 23
a 50 1531871 612
a 18 40727 42
a 224 493304 11
a 381722 131 391897
a 1385427 1 1386962
a 80 1045943 340
a 191106 10 149015
a 120 1451075 566
a 64 1402588 26
a 461599 173 451887
a 54 327302 64
a 1122036 76 1132492
a 124 1424567 33
a 658506 73 675651
a 33 210999 20
a 370107 8 371221
a 58 50303 35
a 1559712 68 1607723
a 591045 9 607163
a 189068 74 174732
a 1442725 85 1464203
a 1 1505425 67
a 1258162 187 1328516
a 1551883 106 1558931
a 32 350739 44
a 1485904 43 1484075
a 63 730925 43
a 727304 45 728895
a 1480241 12 1545916
a 793705 73 773352
a 565373 4 568604
a 26 120751 15
a 221926 18 217593
a 11 466959 8
a 1196330 57 1218784
a 807111 52 836554
a 661 1574097 101
a 257702 18 258435
a 470247 112 423142
a 78 1267438 36
a 728632 28 672358
a 47 351690 25
a 714892 136 699925
a 64 922821 96
a 64 1525974 119
a 1012337 27 1002338
a 691 1221488 39
a 622281 45 624182
a 39 725114 21
a 58 1408244 19
a 88 312005 48
a 43 615351 207
a 698561 424 868276
a 43 1001768 49
a 184 1029345 27
a 30838 120 70869
a 1317041 91 1319762
a 1341341 37 1335176
a 42 215174 113
a 1473152 18 1470262
a 101 614757 13
a 16 93158 81
a 1000892 31 1016557
a 4 1256628 1
a 63 1503720 17
a 1425561 57 1414143
a 867016 38 854214
a 761244 221 788441
a 894168 8 1031830
a 1179673 17 1183253
a 1362909 37 1345760
a 730362 22 704625
a 18 938422 18
a 35 426332 48
a 141 597050 14
a 15 856186 13
a 1093703 44 1090616
a 8 1205019 100
a 1285616 173 1235276
a 1338059 53 1351160
a 291750 31 274506
a 371849 36 362104
a 593733 48 604916
a 38434 54 50723
a 33 560587 44
a 331939 621 154850
a 1261307 21 1261311
a 17 1323096 77
a 702536 27 698204
a 850984 24 779706
a 51 32160 30
a 1045988 302 944411
a 39 1239410 20
a 1234505 15 1226056
a 707871 13 722376
a 220 875487 441
a 64003 44 90840
a 1614643 11 1507529
a 1081812 45 1118064
a 24 835199 13
a 633875 20 607108
a 149 1361899 97
a 377801 240 460706
a 28 869118 21
a 122 1296718 5
a 437721 251 494156
a 1075438 90 1177813
a 45 949053 11
a 1429027 180 1501040
a 1205992 14 1195633
a 18 1436042 13
a 4780 16 48641
a 1353438 12 1359051
a 58 601564 27
a 534146 56 587324
a 696412 41 725464
a 49 1150314 23
a 1270933 87 1242918
a 815213 55 784354
a 22 1183246 43
a 330763 21 346104
a 1253356 172 1302118
a 261843 33 256831
a 36 1027960 19
a 1973 1329261 468
a 284840 34 249312
a 81822 126 74090
a 579897 58 545514
a 1 868583 15
a 95 893195 131
a 1202140 110 1159119
a 42 943646 17
a 1465579 55 1493176
a 68 923227 181
a 1064750 32 1088289
a 355807 11 365962
a 26 845965 5
a 85 352191 53
a 12 778491 65
a 809544 97 782094
a 1609833 36 1568313
a 431185 154 360639
a 109 1571883 79
a 121432 461 306941
a 25 1112576 274
a 962125 20 943338
a 780118 21 746185
a 290460 344 232281
a 1336206 409 1465261
a 871700 9 876269
a 36 890852 39
a 500173 43 523023
a 118 101778 20
a 655997 3 653662
a 1365123 127 1321552
a 43 463140 58
a 756685 34 803267
a 1036543 61 930734
a 1413011 20 1395737
a 193869 59 147711
a 1020978 210 1029438
a 36 470975 12
a 1210306 17 1206314
a 96 1546019 30
a 312198 435 430068
a 72 734977 76
a 36 329208 115
a 28 844890 14
a 3 753964 20
a 64 62728 43
a 52 999777 49
a 28 1013423 92
a 1378304 40 1353116
a 314907 24 307965
a 1500499 9 1500504
a 858214 45 835490
a 2 1171393 113
a 40 1253757 49
a 118 1351155 38
a 104 1587184 179
a 1157345 52 1177856
a 599521 76 604436
a 47 1206425 54
a 41 94524 111
a 60 1099959 4
a 25 578544 7
a 69 372841 35
a 51 218400 52
a 948860 19 944368
a 37 1128369 40
a 651724 20 648304
a 1068349 16 1086275
a 24 1548311 34
a 806652 178 855353
a 22 371826 44
a 1537147 41 1564346
a 107 561269 38
a 306580 59 342392
a 37 889288 24
a 794972 30 822024
a 59 1074834 20
a 416562 36 386922
a 165989 17 165988
a 73 359852 40
a 93 1185046 55
a 17 775037 35
a 1504835 65 1445324
a 1559289 108 1607302
a 32 916508 50
a 74 1045839 272
a 428500 60 463170
a 32 1030343 105
a 627563 3 626789
a 55 1026124 15
a 63 564582 57
a 45 331284 118
a 158 476242 40
a 17 114640 17
a 446297 21 419537
a 29 742207 10
a 19 624417 263
a 1511847 9 1516513
a 47 1167163 94
a 18170 105 58703
a 232 1472304 36
a 16 1210718 52
a 47 1220569 22
a 1113490 80 1102988
a 22 600979 42
a 932223 256 944737
a 255916 51 255912
a 579163 48 554810
a 92 1256365 98
a 634742 3 633207
a 6 1106722 33
a 65 634025 34
a 11 1542293 173
a 173 810186 176
a 127 1547150 245
a 326 1202980 111
a 420103 41 402332
a 146618 19 156967
a 232315 30 222676
a 5 1426960 41
a 39 266202 25
a 10 1535438 42
a 1057192 55 1020572
a 5 99723 3
a 27 234439 35
a 174767 1346 438725
a 1521292 74 1449866
a 112 1384426 95
a 636203 56 631185
a 64193 137 135638
a 1314134 82 1327117
a 229019 206 308645
a 47 252277 175
a 1150320 15 1152670
a 25 962353 12
a 23 1265742 29
a 23096 20 153849
a 1047310 30 1045800
a 191 1280730 14
a 37 1265405 26
a 21 910685 40
a 48 795304 13
a 155 1176511 69
a 1373542 113 1394296
a 30 1174212 54
a 35 1234896 29
a 37 1130781 64
a 29 64792 77
a 1019535 20 1028050
a 40 185661 56
a 51 747681 41
a 187 481100 9
a 98 138808 60
a 48 145357 120
a 5 130708 2
a 30 1523696 16
a 23 26792 58
a 276704 90 242912
a 6149 38 21880
a 699267 53 748059
a 6 1536803 113
a 1362325 74 1427431
a 470582 141 512456
a 1444863 26 1442590
a 14 28222 9
a 762116 772 742557
a 101 1371395 35
a 12 549621 29
a 92 171578 43
a 18 1037657 445
a 761288 22 769259
a 36 1342428 183
a 4 575956 141
a 75 285965 37
a 22 1275800 23
a 14239 55 40240
a 101 884277 12
a 25 410193 4
a 31 648586 53
a 507738 82 460168
a 617596 79 568876
a 28 1428785 27
a 978463 40 927197
a 209 739368 202
a 1579687 54 1552004
a 438547 100 425146
a 1087454 10 1071902
a 1169070 32 1193440
a 40 1370229 33
a 1043654 21 1041354
a 229089 20 229089
a 14 634635 58
a 27 118768 39
a 65 1323840 49
a 95 365185 458
a 28 660993 48
a 32 294948 23
a 1082113 6 1077582
a 1304757 25 1321690
a 24 1292660 43
a 969968 127 956867
a 546766 20 553314
a 630378 44 624114
a 40 1038358 26
a 31 401637 25
a 1551431 19 1558804
a 185 469338 87
a 25 1165600 44
a 1 1015564 37
a 19 948720 27
a 235014 344 178972
a 1552304 141 1579990
a 551378 8 538611
a 58 426279 584
a 18 1024293 20
a 365334 96 282824
a 1076205 7 1064822
a 261489 29 301638
a 10 1355681 21
a 8 1247400 14
a 253 607491 224
a 1248061 36 1220253
a 933571 31 910607
a 350448 94 354640
a 49 262288 34
a 37 1016922 9
a 21 408031 3
a 796096 75 803234
a 56639 33 85184
a 846944 74 833683
a 26 581285 18
a 1374188 33 1359196
a 7 1008560 5
a 19 430480 24
a 667841 81 712418
a 114 323405 215
a 92 839681 11
a 995494 26 1011568
a 4 518628 4
a 881493 46 908504
a 18 91126 16
a 52 535494 79
a 1 673663 7
a 127 524989 360
a 1540561 17 1549035
a 1087996 28 1080756
a 387940 30 376606
a 417352 46 450255
a 1198226 57 1245768
a 728727 123 771854
a 1163615 69 1181141
a 1517772 129 1546148
a 1351663 197 1372277
a 1395721 3 1420997
a 393998 62 329768
a 102 1486193 471
a 113 454302 47
a 1477 905806 32
a 172629 7 176374
a 37 1380734 33
a 31 22707 23
a 34 639581 58
a 698568 10 698569
a 850368 47 837183
a 64 1063907 17
a 52616 65 82233
a 286238 9 289646
a 186 1030651 169
a 101 1048046 84
a 11 764687 12
a 66 1259930 80
a 1101907 46 1064770
a 279086 23 321863
a 31 425243 12
a 74 454419 35
a 346755 23 346757
a 3 1572594 150
a 17 5658 25
a 106489 56 128144
a 441610 47 469231
a 39011 88 10987
a 27 314078 1
a 34 1121594 64
a 9 318445 29
a 46 465900 34
a 179 1150428 61
a 41 1017630 41
a 1255005 649 1059775
a 1340870 24 1325230
a 90 297650 80
a 33264 196 124335
a 1244894 2 1249164
a 246 1537448 183
a 1337625 1 1340736
a 1233639 14 1210470
a 1009075 44 1009462
a 23 1255148 9
a 16 1069696 29
a 202569 1 203294
a 137 743097 187
a 261321 57 242334
a 17480 27 6961
a 4 503812 25
a 21 1452237 59
a 1315683 23 1306447
a 57 100549 91
a 71 980469 83
a 2 1533949 147
a 1564185 10 1574101
a 223542 35 257333
a 13 518359 44
a 36 306040 31
a 872489 88 854823
a 152 945064 117
a 1318653 20 1300993
a 26 1384241 77
a 660184 199 630712
a 8 1417175 20
a 1556419 120 1393358
a 15 1373285 46
a 935407 89 924732
a 898972 5 911652
a 71 306472 100
a 467137 15 469460
a 41 41008 15
a 513510 25 504700
a 38 416929 12
a 45 873082 40
a 1445006 28 1460900
a 2 62923 21
a 125 437096 87
a 766 1609766 150
a 36 1153432 477
a 672524 66 657197
a 834696 104 798770
a 689751 84 647074
a 27 879822 28
a 1485239 69 1452459
a 107 80028 12
a 17 1242430 26
a 1 178139 1
a 1235598 114 1209672
a 1608477 35 1447018
a 371274 48 394036
a 21 1075783 74
a 53 1196706 92
a 111 718464 26
a 1166160 5 1169262
a 355578 33 337106
a 939181 12 938460
a 55 1468217 26
a 275 611586 287
a 2811 426 104383
a 17 22280 108
a 125 486000 37
a 411473 5 384171
a 596082 36 594474
a 1105491 105 1085830
a 94 1542447 45
a 1207089 222 1198696
a 35 1609128 13
a 643372 8 648754
a 844105 62 820344
a 11 67737 34
a 100 832298 32
a 55 1164294 192
a 2 1061388 20
a 14 1111694 21
a 496758 31 482367
a 73 1024087 24
a 64 885820 132
a 517495 3 533333
a 9 1054631 23
a 15 1607879 104
a 631981 20 603810
a 666007 104 686104
a 241940 27 359292
a 231919 31 215361
a 1260899 172 1192228
a 40 589895 10
a 1079312 24 1064956
a 13 886016 22
a 692217 30 692218
a 1 192035 48
a 479005 21 481340
a 1210800 15 1221271
a 251780 51 266257
a 37 1505033 56
a 1610448 25 1599588
a 36 625926 35
a 1045595 1 997551
a 454302 52 451564
a 45 948119 70
a 565135 60 572164
a 1251557 50 1254590
a 56 1100208 53
a 6 1270587 9
a 21 525588 37
a 1334793 59 1350989
a 69 1015881 103
a 4 1343083 4
a 34 1329444 18
a 642217 13 632376
a 1537971 94 1502148
a 25 60806 61
a 521896 99 520636
a 6 1148579 6
a 20 1237709 21
a 48 219483 32
a 1116511 42 1111276
a 88 569217 95
a 657351 233 673032
a 120 983924 100
a 1469189 11 1476139
a 37 252011 13
a 550790 35 541041
a 45 624803 26
a 21 1100597 218
a 515457 101 597301
a 292 1241840 136
a 13 789996 7
a 37 1147086 11
a 1 158661 19
a 10 1010409 838
a 820685 24 832399
a 27447 27 28490
a 793239 7 797968
a 1311267 45 1339148
a 1259458 101 1340930
a 718859 53 722748
a 1438809 25 1420888
a 179557 15 171974
a 19 1418707 71
a 1281533 49 1304816
a 481173 766 186695
a 239514 269 220799
a 9 550229 48
a 1453452 33 1461681
a 110 757448 46
a 1118841 48 1140023
a 498 188234 41
a 287 1563660 896
a 48 468762 25
a 894478 12 1068628
a 71 134575 3
a 21 1450821 2
a 798415 50 829850
a 719957 21 714496
a 245995 26 219775
a 657548 238 783072
a 55 865505 36
a 1036127 510 687015
a 873077 8 871921
a 1177653 72 1131097
a 615036 312 506351
a 202 1539419 191
a 1572104 12 1574962
a 44 1328212 84
a 33 985117 38
a 25 767871 13
a 24 558492 55
a 53 621289 25
a 209 692 16
a 967258 189 818207
a 164 174872 92
a 254325 71 257704
a 438277 119 415361
a 9 724854 31
a 327852 21 331520
a 676538 41 632604
a 141 1179159 74
a 17 677821 76
a 33 1483711 19
a 56 1287874 204
a 1357474 112 1399629
a 36 1451311 145
a 18 352836 32
a 48 150720 33
a 9 72696 8
a 61 1104713 68
a 92 1162960 118
a 1097581 48 1090015
a 10 904974 6
a 137770 228 89735
a 2 518236 37
a 484919 225 550069
a 660312 117 613017
a 1117 791373 148
a 1063571 91 1113871
a 1058521 34 1067974
a 309522 212 288745
a 92 340402 21
a 1079143 34 1086459
a 51 1484869 16
a 16 1049889 14
a 52 885289 50
a 22 956114 24
a 22 392347 21
a 28 759324 11
a 15 1363663 14
a 9 49532 170
a 21 602513 119
a 32 360562 34
a 34 456469 7
a 65 905457 37
a 35 1592922 21
a 8 1430889 7
a 932456 661 698542
a 50 86974 45
a 74 79066 307
a 67 1178832 281
a 825647 56 840082
a 3 1296902 8
a 284 1559059 20
a 1609584 2 1609597
a 45 712339 50
a 121 872693 14
a 76 530535 51
a 1363706 69 1362208
a 1056289 2 1057070
a 923645 73 904374
a 148 1243713 54
a 1394164 51 1406200
a 1603318 5 1608191
a 43 856751 48
a 63 312100 36
a 1582555 1213 1327130
a 89 910023 56
a 24 1213845 139
a 476 562732 98
a 302383 83 296833
a 1069187 98 1042105
a 15 351815 303
a 925410 73 887926
a 1 1198415 1
a 619059 144 919351
a 1233275 258 1189368
a 723828 28 694825
a 1377434 76 1336952
a 1602602 21 1593751
a 1386095 69 1415552
a 13 709346 13
a 140 557894 39
a 27 355701 18
a 1369680 15 1355028
a 3 462842 5
a 857079 12 864887
a 1559267 41 1550482
a 38 1495403 5
a 59689 24 94530
a 134384 13 125666
a 973012 19 958097
a 104 811696 103
a 19 1115216 258
a 43 1495097 89
a 1461428 15 1446371
a 49 507553 254
a 58 958851 22
a 238727 14 235348
a 32 91715 227
a 183 654656 30
a 41 604599 105
a 727937 50 926513
a 46 452177 61
a 1399076 12 1395313
a 272802 40 282485
a 209 319774 167
a 104 624790 86
a 149 694594 144
a 1129870 45 1140236
a 1076167 790 861255
a 49 352746 29
a 513087 49 543099
a 16 582790 38
a 28 332396 77
a 1543941 49 1527438
a 703752 74 645168
a 957547 15 953472
a 1385542 72 1361207
a 16 632383 16
a 89 1014360 585
a 1395211 619 1508840
a 338495 37 352591
a 40 1005206 60
a 437445 37 424036
a 14 822226 97
a 56 18881 47
a 1484912 15 1479590
a 16 824204 42
a 834102 10 848873
a 520531 46 540513
a 1061024 33 1087147
a 149 1015577 127
a 39 1199366 45
a 1550392 7 1546661
a 773679 40 797976
a 599700 46 627330
a 585106 48 603593
a 1339338 34 1334711
a 8 755844 62
a 1553274 15 1562888
a 20 158080 18
a 1611763 170 1572556
a 56 943196 44
a 827282 107 791778
a 501769 6 507933
a 1607557 269 1492097
a 10 115204 40
a 222 244350 30
a 658598 27 662563
a 11 544386 87
a 24470 26 44408
a 1404044 25 1386242
a 1385023 91 1383573
a 67 474670 37
a 16 993287 15
a 11 274765 29
a 6 1534527 221
a 43 807545 48
a 788923 17 706272
a 1 31748 1
a 1069966 33 1080238
a 86 1077915 41
a 2 456880 17
a 393762 21 401852
a 336560 48 348500
a 1170214 68 1176818
a 820790 32 808056
a 315305 35 307544
a 3 176643 87
a 29 87424 72
a 72 1215415 76
a 35 615788 15
a 49 410137 19
a 94 1608616 112
a 44 1114664 42
a 1343781 58 1376733
a 189 36653 87
a 32 622326 36
a 79 266853 85
a 41 1183207 24
a 12 1533750 7
a 55 1112149 80
a 183182 28 218337
a 343922 47 340155
a 1536190 20 1550909
a 799723 213 743091
a 85 483030 33
a 28 797990 16
a 873561 34 862951
a 960652 21 962894
a 1445 729363 8
a 67 452683 105
a 150 1453497 156
a 17 1144331 42
a 82632 63 105192
a 94 1220784 25
a 656632 130 711508
a 445842 25 466108
a 817272 30 825737
a 980250 54 1009690
a 57 1320519 13
a 44 696420 34
a 878051 20 882338
a 15 1068201 7
a 53 894750 36
a 18984 329 126909
a 184315 44 173016
a 1376151 4 1379543
a 199857 80 136331
a 6 1249072 35
a 1033040 63 1018092
a 32 430382 68
a 1417665 54 1383384
a 1304426 10 1302858
a 106 855599 112
a 177 866665 19
a 34 337612 248
a 1257673 45 1268099
a 42717 56 81542
a 138 1475751 152
a 1351394 23 1357362
a 231 272422 199
a 202 8723 1
a 1505123 107 1577778
a 9 762250 43
a 298948 634 144346
a 19 7018 254
a 1326967 64 1305455
a 30 814094 27
a 63 1546293 154
a 1276768 272 1382451
a 1122247 34 1138012
a 15 147635 6
a 675806 169 635380
a 16 1082931 84
a 964934 140 987065
a 9 498003 79
a 41 1516581 77
a 1607598 71 1558957
a 884849 6 877878
a 1430488 28 1443717
a 79 1547850 64
a 1435943 1249 934751
a 110 1047375 36
a 36 1146302 12
a 251701 201 222374
a 628549 13 619966
a 570166 15 578522
a 116 1488594 16
a 827804 83 828182
a 19 485529 26
a 70 1439681 64
a 91 1615082 32
a 36 538275 19
a 939246 19 923966
a 426590 46 476200
a 201 393707 105
a 1281834 20 1297336
a 15799 95 46431
a 37 269618 30
a 952850 25 928524
a 836459 22 829680
a 839729 25 861793
a 84 1161461 67
a 110134 244 174861
a 1566575 43 1579894
a 42 612936 49
a 102 1090463 111
a 1363133 6 1369168
a 261233 49 280899
a 27 1609832 656
a 615851 20 630605
a 7 1087623 22
a 84 803821 171
a 640744 114 550774
a 733822 29 731526
a 878256 80 875137
a 527330 43 544254
a 999331 12 1021167
a 25 46069 83
a 688888 25 648513
a 416601 36 389906
a 5923 1041 572190
a 5 446752 6
a 873769 105 903885
a 713558 89 726407
a 84 532750 31
a 116 399855 65
a 81 218690 139
a 292509 103 334768
a 1444346 47 1425494
a 1475768 51 1498810
a 13 43159 47
a 64 4755 87
a 176 725966 213
a 1289207 106 1273049
a 364353 48 418502
a 468144 143 406838
a 14 440613 69
a 1473538 159 1340718
a 1136274 1 1135886
a 19 897215 97
a 17 767566 16
a 1155691 15 1141852
a 1486012 3 1358898
a 1402901 19 1397256
a 718964 12 677679
a 1429615 17 1437006
a 1287220 140 1218002
a 717676 10 699231
a 27 615947 34
a 1270944 73 1342715
a 304057 27 298780
a 98 1131788 172
a 234 481766 99
a 67 332546 52
a 16 1197034 26
a 1273465 34 1270455
a 51 287218 38
a 8 483459 20
a 487121 38 468053
a 1396618 46 1413876
a 118 14826 22
a 442199 88 477303
a 5 752417 4
a 1249981 402 1148649
a 4975 2 4974
a 352 1601442 25
a 1194295 17 1193496
a 271729 94 260165
a 1552808 21 1561027
a 19 428836 24
a 672088 20 599195
a 1246547 99 1302287
a 198360 76 224074
a 1406372 30 1395463
a 99 510307 26
a 28 1290647 125
a 686933 55 734381
a 12 1480415 62
a 37379 321 116648
a 92 733219 8
a 1288067 23 1259219
a 14 1412407 49
a 1203585 24 1189618
a 1109490 43 1199854
a 3 1222305 3
a 1360704 59 1350972
a 1144876 32 1146416
a 116 765078 18
a 100 1529117 168
a 106 1194096 46
a 411887 21 367605
a 22 1079147 32
a 116 971211 132
a 28 1556436 13
a 580703 17 589812
a 43 627551 31
a 77 416097 13
a 120 1249759 127
a 1327693 14 1312825
a 707302 11 692091
a 960716 16 981295
a 60004 183 139103
a 18 1006438 11
a 1484614 39 1502552
a 100 285536 49
a 28 815228 277
a 16 287042 26
a 210678 2 139956
a 776816 22 771309
a 21 818135 7
a 470373 12 464819
a 106516 45 138780
a 9 503956 38
a 65 207671 50
a 27 554176 19
a 213922 60 230531
a 143508 26 140558
a 602342 87 579601
a 35 1605492 5
a 21 1003444 10
a 45 746960 63
a 157 1269375 209
a 219157 26 201414
a 1346535 29 1346538
a 1315597 31 1324024
a 602069 28 596645
a 747246 22 744429
a 1419987 66 1447946
a 48 646093 96
a 421296 6 428038
a 26 670810 42
a 19 860247 19
a 894135 45 887361
a 82 565726 142
a 59 1221523 40
a 67880 13 56662
a 335616 55 366484
a 495 3799 64
a 222136 44 153160
a 7 642163 16
a 41 742833 66
a 17 276196 15
a 1522738 17 1533218
a 471452 106 514361
a 298 305630 41
a 207 1515209 41
a 114 397946 92
a 29 1583457 22
a 382320 17 397726
a 352597 52 340384
a 380751 125 422604
a 620777 60 616994
a 1532836 26 1542286
a 48 221121 91
a 56 730361 53
a 53 329482 52
a 2 1354473 15
a 13 1118548 9
a 801353 58 818985
a 1106457 4 1050946
a 661757 43 644681
a 265021 62 264606
a 9 596270 11
a 1163290 75 1162576
a 10 154596 37
a 50 414494 23
a 611337 9 625276
a 190 139508 79
a 871689 95 843027
a 16 779480 86
a 1310589 29 1316723
a 6 1516391 23
a 14 1417184 26
a 1289921 79 1289152
a 91 227455 62
a 52 1482104 63
a 57 770317 57
a 903141 140 944124
a 937420 7 860782
a 75 1091714 43
a 413467 264 300505
a 35 647133 56
a 252214 62 287657
a 23 1180309 16
a 68 1261968 13
a 1326323 28 1352228
a 1562354 68 1575768
a 23 521986 9
a 1591037 95 1564412
a 1460144 46 1391788
a 21 932833 38
a 13 361891 22
a 4 1324836 7
a 212 1090275 246
a 295698 20 270269
a 604 847237 1591
a 45 818293 3
a 533370 40 547269
a 12 719985 49
a 882422 564 574832
a 344809 8 345153
a 86 1334322 131
a 1307198 13 1303050
a 230779 22 250709
a 5 869944 127
a 154 88403 13
a 103 834447 136
a 554989 14 472249
a 183 554262 200
a 90 981662 441
a 447346 9 428561
a 681221 77 639310
a 41 544240 21
a 319296 14 320075
a 119669 37 136715
a 297889 26 333397
a 22 804030 34
a 731432 38 730287
a 336730 208 377647
a 11 1025179 32
a 78 1446495 110
a 1302514 165 1397308
a 1583914 64 1557831
a 188 881285 83
a 65953 34 82288
a 765897 3 762659
a 124 1599094 64
a 150 615445 52
a 1321092 55 1307959
a 137 1422328 63
a 1388884 170 1358542
a 1230192 36 1210447
a 1390331 30 1378012
a 1257039 320 1237453
a 273729 29 287214
a 842183 33 843755
a 27 883826 54
a 10 706123 25
a 3 1377858 254
a 138 281923 21
a 15 248778 62
a 1093126 19 1101037
a 1 180090 91
a 11 58379 15
a 1533172 42 1538711
a 4 1553692 34
a 650069 26 603225
a 419119 130 273496
a 20 627282 20
a 20 953663 7
a 1102103 14 1097940
a 12 1171200 20
a 966445 7 970939
a 287039 28 331800
a 94 204030 22
a 222 1339527 88
a 1440325 31 1431395
a 212 424864 125
a 84 613181 68
a 137 1093262 105
a 35 1225239 21
a 1560724 39 1548905
a 61 1482438 30
a 34 81838 1
a 261 1168097 46
a 63 1331768 26
a 769929 116 704133
a 1 650756 71
a 171344 29 178855
a 41 1207349 29
a 47 1448845 43
a 34 55855 362
a 483 1291769 50
a 59 1573231 104
a 242397 171 172383
a 674053 73 657609
a 1352664 15 1352663
a 22 1045284 34
a 44 1228550 52
a 16 483157 19
a 1438128 2 1491491
a 47 1445725 14
a 1313154 34 1312342
a 6 11878 22
a 138 237843 93
a 1415656 62 1401654
a 1518666 79 1516212
a 312 414963 54
a 743074 20 733713
a 616008 71 587905
a 676223 19 689048
a 1372207 37 1338913
a 605866 24 630232
a 38 1334670 11
a 84 1486122 162
a 952702 26 964993
a 770845 20 770462
a 485372 32 479942
a 21 932497 57
a 76 128304 94
a 34 894345 20
a 50 1348293 37
a 43 782651 44
a 21 282295 37
a 1413753 279 1606605
a 625274 55 625267
a 46 1297004 7
a 525088 204 430977
a 472569 118 566253
a 37 338096 23
a 5 868504 4
a 824285 7 829574
a 127528 106 186561
a 304 882079 358
a 107216 37 88224
a 763911 62 793799
a 1236569 29 1222323
a 31 327603 31
a 1097506 30 1230867
a 17 138994 22
a 1080248 18 1093936
a 618 1148285 39
a 38859 174 51157
a 102 314227 102
a 14 1019910 164
a 258944 38 205013
a 973145 332 887462
a 64 1561069 1
a 47 1500106 22
a 1 1493393 2
a 1590026 137 1605481
a 132 1082271 71
a 1190997 4 1200478
a 1561206 122 1603254
a 27 1085205 397
a 9 1531242 398
a 4994 54 58558
a 15 1020097 48
a 136 492224 24
a 4 196127 60
a 51 473423 14
a 505731 142 446665
a 1176128 97 1035377
a 332 313367 25
a 503192 52 434873
a 224233 17 233927
a 73 1474275 130
a 81397 9 90749
a 13 465925 51
a 874026 32 902220
a 74852 65 95649
a 1529483 30 1516601
a 10 800069 36
a 13 880626 65
a 785 103096 674
a 538788 43 553137
a 80 279083 62
a 558786 67 548398
a 1031244 22 1041796
a 108379 44 83942
a 9 632538 120
a 1189670 48 1127128
a 34 955086 21
a 994435 55 1015060
a 19 689052 15
a 314434 21 298685
a 30 628484 2
a 347882 78 369864
a 90 1509184 85
a 37 1354335 19
a 719315 195 668044
a 469371 9 474059
a 232 243066 350
a 824893 26 822952
a 16 1090474 26
a 169 1528566 81
a 1433979 42 1424779
a 646610 105 603609
a 1398120 152 1447599
a 518074 103 431378
a 753759 19 752642
a 81925 75 170874
a 123 538961 65
a 917660 195 875248
a 977381 40 970539
a 1358498 12 1367167
a 187119 1 186758
a 422615 60 419981
a 23 315514 28
a 1559388 10 1558234
a 1230847 114 1268971
a 17 216441 22
a 258576 5 271268
a 1348708 28 1356548
a 1437846 151 1449391
a 182287 31 184629
a 874321 295 961203
a 243 1214382 108
a 180 1324924 30
a 141 1553541 25
a 1044857 44 1080319
a 33 913128 94
a 148 1210429 80
a 558441 46 577070
a 1513012 29 1511933
a 31 957180 22
a 1310616 122 1258977
a 76 1170005 2
a 409499 127 300339
a 1556505 74 1547052
a 9 1109781 22
a 1277707 70 1295127
a 378211 22 390685
a 1092626 400 1056504
a 897287 16 813902
a 60 611047 212
a 722071 616 334309
a 15 707103 17
a 366565 305 159306
a 64 1330370 50
a 18 1160314 50
a 26 1032112 5
a 54 262181 32
a 97 317714 31
a 124 1279315 36
a 3 519921 64
a 605985 4 607437
a 860628 106 872458
a 1156274 136 1098623
a 1219738 34 1234416
a 51 389505 101
